tree
version=v4
num_class=1
num_tree_per_iteration=1
label_index=0
max_feature_idx=85
objective=regression
feature_names=CLF_close CLF_high CLF_low CLF_log_return CLF_return_lag_1 CLF_return_lag_2 CLF_return_lag_3 CLF_return_lag_5 CLF_rsi CLF_macd CLF_atr CLF_bollinger_pband CLF_sma_20 CLF_ema_12 NGF_close NGF_high NGF_low NGF_log_return NGF_return_lag_1 NGF_return_lag_2 NGF_return_lag_3 NGF_return_lag_5 NGF_rsi NGF_macd NGF_atr NGF_bollinger_pband NGF_sma_20 NGF_ema_12 GCF_close GCF_high GCF_low GCF_log_return GCF_return_lag_1 GCF_return_lag_2 GCF_return_lag_3 GCF_return_lag_5 GCF_rsi GCF_macd GCF_atr GCF_bollinger_pband GCF_sma_20 GCF_ema_12 ESF_close ESF_high ESF_low ESF_log_return ESF_return_lag_1 ESF_return_lag_2 ESF_return_lag_3 ESF_return_lag_5 ESF_rsi ESF_macd ESF_atr ESF_bollinger_pband ESF_sma_20 ESF_ema_12 OVX_close OVX_high OVX_low OVX_log_return OVX_return_lag_1 OVX_return_lag_2 OVX_return_lag_3 OVX_return_lag_5 OVX_rsi OVX_macd OVX_atr OVX_bollinger_pband OVX_sma_20 OVX_ema_12 VIX_close VIX_high VIX_low VIX_log_return VIX_return_lag_1 VIX_return_lag_2 VIX_return_lag_3 VIX_return_lag_5 VIX_rsi VIX_macd VIX_atr VIX_bollinger_pband VIX_sma_20 VIX_ema_12 dayofweek month
feature_infos=[-37.630001068115234:145.28999328613281] [13.689999580383301:147.27000427246094] [-40.319999694824219:143.22000122070312] [-0.28220613410748507:0.31963363001506739] [-3.0596606527245438:0.37662331847024161] [-3.0596606527245438:0.37662331847024161] [-3.0596606527245438:0.37662331847024161] [-3.0596606527245438:0.37662331847024161] [9.1192312961353963:83.210323620614091] [-9.8281223802334967:7.97885172563943] [0:10.452948508274901] [-0.57076319783242124:1.4043454832463376] [15.709000062942504:138.99549942016603] [12.291231566310916:140.80144695919438] [1.4819999933242798:15.378000259399414] [1.5670000314712524:15.779999732971191] [1.4320000410079956:14.85099983215332] [-0.30047975442423092:0.38172674938692641] [-0.25953710489588089:0.46481176972812022] [-0.25953710489588089:0.46481176972812022] [-0.25953710489588089:0.46481176972812022] [-0.25953710489588089:0.46481176972812022] [18.044605362972419:90.712653795761199] [-1.1013067389130224:1.0014697105002559] [0:0.90881418667804525] [-0.39331285298471508:1.5222821752089954] [1.660400003194809:13.632850074768069] [1.6222197076543536:13.996008695092531] [255.1000061035156:4529.10009765625] [256.10000610351562:4556.2998046875] [255:4502] [-0.098205791666101896:0.086431656660303502] [-0.093537657837483301:0.090276852010222106] [-0.093537657837483301:0.090276852010222106] [-0.093537657837483301:0.090276852010222106] [-0.093537657837483301:0.090276852010222106] [16.555741582929272:87.904153828387336] [-54.381705690513854:161.0150279738391] [0:97.227721193022717] [-0.45381279025607418:1.4579485613048675] [259.26999816894534:4320.8700195312504] [258.77246879729984:4383.5456758642604] [676:6982.5] [694.75:6994] [665.75:6969] [-0.109552441509657:0.1320221173165245] [-0.1037648367952522:0.14113355780022441] [-0.1037648367952522:0.14113355780022441] [-0.1037648367952522:0.14113355780022441] [-0.1037648367952522:0.14113355780022441] [14.108148414180109:88.011432871879066] [-229.5234008326338:118.85145603935509] [0:225.50356219258967] [-0.49529788249361201:1.2895570765549609] [736.25:6875.5395019531252] [720.46685627641943:6903.9879961157712] [14.5:325.14999389648438] [14.869999885559082:517.19000244140625] [13.930000305175779:213.58999633789065] [-0.62225072502498813:0.85769978680521874] [-0.4632649658851884:1.3577311672249306] [-0.4632649658851884:1.3577311672249306] [-0.4632649658851884:1.3577311672249306] [-0.4632649658851884:1.3577311672249306] [22.645342283431063:92.248920880423697] [-20.638006536848678:35.412549322046047] [0:82.552051007336871] [-0.30576588235305752:1.565497204701664] [15.597999954223631:166.58600044250488] [15.225394406259817:187.36498022544225] [9.1400003433227539:82.69000244140625] [9.3100004196166992:89.529998779296875] [8.5600004196166992:72.760002136230469] [-0.44244875916441467:0.76824502946630258] [-0.35753873962348431:1.1559792516603906] [-0.35753873962348431:1.1559792516603906] [-0.35753873962348431:1.1559792516603906] [-0.35753873962348431:1.1559792516603906] [24.368040061278009:91.037512365341044] [-5.4502543009591307:14.577704716716717] [0.5483063062588599:13.271699221808236] [-0.23851463087285141:1.5609696354247931] [9.7824999809265112:65.028999710083013] [9.7214706984371517:68.422373952761433] [0:4] [1:12]
tree_sizes=3193 2603 2321

Tree=0
num_leaves=32
num_cat=0
split_feature=69 45 8 12 39 20 69 27 20 72 19 66 21 43 50 81 20 45 57 19 23 4 39 5 48 0 34 64 19 21 20
split_gain=0.00881013 0.00136948 0.00135424 0.00133854 0.0013322 0.000772486 0.00126445 0.000557746 0.000507792 0.000519355 0.000280733 0.000231924 0.000196073 0.000235066 0.000176513 0.000139628 0.000141093 9.52469e-05 9.43178e-05 4.65295e-05 1.75883e-05 2.63111e-05 2.37028e-05 2.15887e-05 1.47953e-05 4.99992e-05 4.47208e-05 1.44491e-05 7.9836e-06 7.40112e-06 1.24517e-07
threshold=79.863059616349304 -0.016973583226918599 36.076671677598206 43.28450012207032 0.860882667350927 0.0075761489958174506 41.561643941529198 2.6579877062216939 -0.032441282179520095 18.884999275207523 0.019607835716819653 2.3287239921567098 -0.027082809388754698 1234.6250000000002 60.113838302742799 0.90121681594799197 -0.028830008146414347 -0.006247848515170149 66.370002746582045 -0.018969616475741698 -0.067519157144230776 -0.0099244070556178485 0.96706907977190026 -0.013596716502238699 0.0029996364453567007 71.774997711181655 0.0031260706567514504 39.77282726469047 0.020291757168162054 -0.014654762625003198 0.011672359783943351
decision_type=10 8 8 8 10 10 8 10 10 10 10 8 10 8 10 10 10 8 8 10 10 10 8 10 10 2 10 10 10 10 8
left_child=1 4 5 7 18 6 -3 -4 -9 -10 19 20 30 -14 15 16 -15 -18 -1 -11 -5 -22 23 -23 25 26 -16 -25 -29 -19 -13
right_child=-2 2 3 11 -6 -7 -8 8 9 10 -12 12 13 14 24 -17 17 29 -20 -21 21 22 -24 27 -26 -27 -28 28 -30 -31 -32
leaf_value=-1.2443857535007457e-05 0.00080279172773188644 4.9890367935853888e-05 4.9890367935853888e-05 4.9890367935853888e-05 -0.00035570134373098783 4.9890367935853888e-05 0.00039276552006617757 4.9890367935853888e-05 4.9890367935853888e-05 4.9890367935853888e-05 4.9890367935853888e-05 4.8362239153899343e-05 4.9890367935853888e-05 4.9890367935853888e-05 0.00010712966812054586 4.9890367935853888e-05 4.9890367935853888e-05 4.9890367935853888e-05 4.9890367935853888e-05 -0.00028299719152572079 4.9890367935853888e-05 4.9890367935853888e-05 4.9890367935853888e-05 4.9890367935853888e-05 4.9890367935853888e-05 4.9890367935853888e-05 4.9890367935853888e-05 7.2718441860513026e-06 4.9890367935853888e-05 0.00017304372675513118 4.9890367935853888e-05
leaf_weight=122 79 155 188 298 81 173 147 97 177 87 90 268 268 117 168 108 101 79 84 142 193 101 79 143 251 85 104 309 90 446 137
leaf_count=122 79 155 188 298 81 173 147 97 177 87 90 268 268 117 168 108 101 79 84 142 193 101 79 143 251 85 104 309 90 446 137
internal_value=5.99583e-05 4.98904e-05 5.73117e-05 4.79463e-05 -0.000102096 0.00017167 0.000240105 -3.86697e-05 -7.2815e-05 -0.00010225 -0.000160282 6.34825e-05 7.88128e-05 8.99317e-05 0.000101925 0.000125286 0.000136235 0.000149798 4.98904e-05 -0.00021029 4.94633e-05 4.00489e-05 3.24002e-05 2.68955e-05 4.98904e-05 6.43229e-05 8.44921e-05 2.11241e-05 1.37507e-05 0.000163088 4.98904e-05
internal_weight=4967 4888 4601 4126 287 475 302 781 593 496 319 3345 2132 1727 1459 851 743 626 206 229 1213 915 722 643 608 357 272 542 399 525 405
internal_count=4967 4888 4601 4126 287 475 302 781 593 496 319 3345 2132 1727 1459 851 743 626 206 229 1213 915 722 643 608 357 272 542 399 525 405
is_linear=0
shrinkage=1


Tree=1
num_leaves=31
num_cat=0
split_feature=57 55 41 19 10 11 68 26 70 31 23 67 81 27 31 37 11 57 81 6 68 7 51 82 67 6 32 12 82 6
split_gain=0.00762131 0.00105927 0.000674479 0.000531032 0.00100015 0.000445902 0.000828772 0.000383714 0.000236956 0.000316838 0.000357147 0.000251757 0.000129789 0.000119123 0.000187212 8.99102e-05 8.77482e-05 0.000108894 7.15822e-05 5.913e-05 5.74133e-05 3.89949e-05 1.82442e-05 2.3861e-05 1.46008e-05 1.20664e-05 8.93744e-06 5.05175e-06 2.04162e-06 5.12734e-06
threshold=80.439998626708999 1125.6173064268269 363.54357652760041 0.019187036528805105 0.85661240295364516 0.28959030036853994 42.604500102996838 7.2750250220298778 21.494999885559086 -0.004112073739358949 0.024294187412637652 0.56311310403190784 0.90121681594799197 3.8690505851993091 0.0044980996544732007 2.2373523925416525 0.95382145038876232 30.384999275207523 0.45361425477795964 0.0084515338363910526 27.754250001907351 0.0014081293421842002 4.3070952053949449 11.659749984741213 0.32276807887020048 -0.0065000267702041989 0.0059454079359517005 41.203750133514411 18.395999932289126 -0.0052530399213672491
decision_type=10 10 8 10 2 10 8 10 8 10 10 8 10 10 8 10 10 8 10 10 10 8 10 10 8 10 10 10 10 10
left_child=1 2 3 4 -1 6 12 15 13 -10 11 -11 19 14 16 -8 17 -7 -19 20 -3 -4 -15 -24 -25 -26 -22 -23 29 -16
right_child=-2 5 21 -5 -6 8 7 -9 9 10 -12 -13 -14 22 28 -17 -18 18 -20 -21 26 27 23 24 25 -27 -28 -29 -30 -31
leaf_value=0 0.00064864782627996917 0 0 0 -0.00032977974913183771 0 0.00022030170937353553 0 0 0 0 -0.00020747477735222342 -5.6099679502812808e-05 0 0 0 0 8.9418665847415361e-05 0 0 5.4634185636473288e-05 0 0 0 0 -3.7408661173280315e-05 0 -3.5465982212445377e-05 0 -1.2682850977467403e-05
leaf_weight=82 92 109 211 88 146 286 192 141 175 159 175 133 144 338 80 81 108 376 198 111 278 85 95 168 85 247 88 176 96 224
leaf_count=82 92 109 211 88 146 286 192 141 175 159 175 133 144 338 80 81 108 376 198 111 278 85 95 168 85 247 88 176 96 224
internal_value=9.02426e-06 0 -7.79876e-05 -0.000160917 -0.000218162 1.14019e-05 4.9229e-05 0.000129454 0 -4.08698e-05 -7.55397e-05 -0.000123586 0 7.17952e-06 2.2899e-05 0.000180216 4.13896e-05 4.94071e-05 6.79031e-05 1.84339e-05 3.23247e-05 0 0 -1.24142e-05 -2.0573e-05 -2.92995e-05 4.63086e-05 -2.74029e-05 0 -5.80985e-06
internal_weight=4967 4875 788 316 228 4087 1144 414 2943 642 467 292 730 2301 1368 273 968 860 574 586 475 472 933 595 500 332 366 261 400 304
internal_count=4967 4875 788 316 228 4087 1144 414 2943 642 467 292 730 2301 1368 273 968 860 574 586 475 472 933 595 500 332 366 261 400 304
is_linear=0
shrinkage=0.0708952


Tree=2
num_leaves=27
num_cat=0
split_feature=58 45 72 31 8 20 58 40 53 75 7 56 82 39 85 39 28 11 7 72 50 35 50 35 56 50
split_gain=0.00685173 0.00130104 0.00144701 0.000933637 0.000711275 0.000581246 0.000854829 0.000570692 0.000472745 0.000321819 0.00026695 0.000450613 0.000218351 0.000198061 0.00025114 0.000128873 0.000141544 3.51126e-05 3.24659e-05 2.20778e-05 5.54404e-05 5.43889e-05 4.01169e-05 7.02017e-06 6.12867e-06 1.2253e-06
threshold=72.45999908447267 -0.0060522616937404494 25.164999961853031 -0.0014409134014646996 36.642954223758998 0.0075761489958174506 43.600000381469734 478.75749969482428 0.40367705218402294 -0.0051607710410517494 0.00026104573347225001 35.635000228881843 16.234000039100653 0.86437481737153099 10.500000000000002 0.64276590855591131 1778.799987792969 0.28452507179193504 0.0088276868251632012 19.304999351501468 58.500795590931816 0.0074747204771961505 45.772126226185719 -0.0014862600991849496 27.654999732971195 67.653788071607622
decision_type=10 8 8 10 8 10 8 8 10 10 8 8 10 10 2 8 8 10 10 10 10 10 8 8 8 10
left_child=1 2 15 -4 5 6 -3 8 -6 12 11 -9 -10 14 -13 17 18 -1 -17 20 21 24 -21 -24 -12 -22
right_child=-2 4 3 -5 7 -7 -8 10 9 -11 19 13 -14 -15 -16 16 -18 -19 -20 22 25 -23 23 -25 -26 -27
leaf_value=3.67033802850577e-05 0.00061485906656752009 0 0 -0.00032164201921723601 0 0 0.00030852537542924355 0 0 0 0 0.00013040077992764056 -0.00021122689960533832 0 0 -9.5517730546021992e-05 0 0 0 0 -3.732719355323289e-06 0 0 -3.9000274788522915e-05 4.9980733875951815e-05 0
leaf_weight=131 92 141 92 170 206 154 123 690 93 201 81 401 157 117 85 167 79 264 92 97 442 105 88 221 238 240
leaf_count=131 92 141 92 170 206 154 123 690 93 201 81 401 157 117 85 167 79 264 92 97 442 105 88 221 238 240
internal_value=8.33001e-06 0 -7.51778e-05 -0.000221848 1.53628e-05 0.000103648 0.000167557 1.74264e-07 -5.3974e-05 -9.75307e-05 1.84469e-05 4.21413e-05 -0.00015372 8.69708e-05 0.000106926 -1.36155e-06 -4.38219e-05 0 -7.24765e-05 0 3.25682e-06 2.61698e-05 -1.56339e-05 -3.12037e-05 4.20382e-05 0
internal_weight=4967 4875 995 262 3880 418 264 3462 657 451 2805 1293 250 603 486 733 338 395 259 1512 1106 424 406 309 319 682
internal_count=4967 4875 995 262 3880 418 264 3462 657 451 2805 1293 250 603 486 733 338 395 259 1512 1106 424 406 309 319 682
is_linear=0
shrinkage=0.0708952


end of trees

feature_importances:
NGF_return_lag_3=5
NGF_return_lag_2=4
GCF_bollinger_pband=4
ESF_rsi=4
CLF_return_lag_3=3
CLF_return_lag_5=3
CLF_bollinger_pband=3
GCF_log_return=3
ESF_log_return=3
OVX_high=3
VIX_low=3
VIX_bollinger_pband=3
VIX_sma_20=3
CLF_rsi=2
CLF_sma_20=2
NGF_return_lag_5=2
NGF_macd=2
NGF_ema_12=2
GCF_return_lag_5=2
OVX_close=2
OVX_low=2
OVX_bollinger_pband=2
OVX_sma_20=2
OVX_ema_12=2
CLF_close=1
CLF_return_lag_1=1
CLF_return_lag_2=1
CLF_atr=1
NGF_sma_20=1
GCF_close=1
GCF_return_lag_1=1
GCF_return_lag_3=1
GCF_macd=1
GCF_sma_20=1
GCF_ema_12=1
ESF_high=1
ESF_return_lag_3=1
ESF_macd=1
ESF_bollinger_pband=1
ESF_ema_12=1
OVX_rsi=1
OVX_atr=1
VIX_close=1
VIX_return_lag_2=1
month=1

parameters:
[boosting: gbdt]
[objective: regression]
[metric: rmse]
[tree_learner: serial]
[device_type: cpu]
[data_sample_strategy: bagging]
[data: ]
[valid: ]
[num_iterations: 3]
[learning_rate: 0.0708952]
[num_leaves: 119]
[num_threads: 0]
[seed: 42]
[deterministic: 0]
[force_col_wise: 0]
[force_row_wise: 0]
[histogram_pool_size: -1]
[max_depth: -1]
[min_data_in_leaf: 79]
[min_sum_hessian_in_leaf: 0.001]
[bagging_fraction: 0.786432]
[pos_bagging_fraction: 1]
[neg_bagging_fraction: 1]
[bagging_freq: 8]
[bagging_seed: 400]
[bagging_by_query: 0]
[feature_fraction: 0.697834]
[feature_fraction_bynode: 1]
[feature_fraction_seed: 30056]
[extra_trees: 0]
[extra_seed: 12879]
[early_stopping_round: 0]
[early_stopping_min_delta: 0]
[first_metric_only: 0]
[max_delta_step: 0]
[lambda_l1: 0.221158]
[lambda_l2: 0.0042505]
[linear_lambda: 0]
[min_gain_to_split: 0]
[drop_rate: 0.1]
[max_drop: 50]
[skip_drop: 0.5]
[xgboost_dart_mode: 0]
[uniform_drop: 0]
[drop_seed: 17869]
[top_rate: 0.2]
[other_rate: 0.1]
[min_data_per_group: 100]
[max_cat_threshold: 32]
[cat_l2: 10]
[cat_smooth: 10]
[max_cat_to_onehot: 4]
[top_k: 20]
[monotone_constraints: ]
[monotone_constraints_method: basic]
[monotone_penalty: 0]
[feature_contri: ]
[forcedsplits_filename: ]
[refit_decay_rate: 0.9]
[cegb_tradeoff: 1]
[cegb_penalty_split: 0]
[cegb_penalty_feature_lazy: ]
[cegb_penalty_feature_coupled: ]
[path_smooth: 0]
[interaction_constraints: ]
[verbosity: -1]
[saved_feature_importance_type: 0]
[use_quantized_grad: 0]
[num_grad_quant_bins: 4]
[quant_train_renew_leaf: 0]
[stochastic_rounding: 1]
[linear_tree: 0]
[max_bin: 255]
[max_bin_by_feature: ]
[min_data_in_bin: 3]
[bin_construct_sample_cnt: 200000]
[data_random_seed: 175]
[is_enable_sparse: 1]
[enable_bundle: 1]
[use_missing: 1]
[zero_as_missing: 0]
[feature_pre_filter: 0]
[pre_partition: 0]
[two_round: 0]
[header: 0]
[label_column: ]
[weight_column: ]
[group_column: ]
[ignore_column: ]
[categorical_feature: ]
[forcedbins_filename: ]
[precise_float_parser: 0]
[parser_config_file: ]
[objective_seed: 16083]
[num_class: 1]
[is_unbalance: 0]
[scale_pos_weight: 1]
[sigmoid: 1]
[boost_from_average: 1]
[reg_sqrt: 0]
[alpha: 0.9]
[fair_c: 1]
[poisson_max_delta_step: 0.7]
[tweedie_variance_power: 1.5]
[lambdarank_truncation_level: 30]
[lambdarank_norm: 1]
[label_gain: ]
[lambdarank_position_bias_regularization: 0]
[eval_at: ]
[multi_error_top_k: 1]
[auc_mu_weights: ]
[num_machines: 1]
[local_listen_port: 12400]
[time_out: 120]
[machine_list_filename: ]
[machines: ]
[gpu_platform_id: -1]
[gpu_device_id: -1]
[gpu_use_dp: 0]
[num_gpu: 1]

end of parameters

pandas_categorical:[]
