tree
version=v4
num_class=1
num_tree_per_iteration=1
label_index=0
max_feature_idx=85
objective=regression
feature_names=CLF_close CLF_high CLF_low CLF_log_return CLF_return_lag_1 CLF_return_lag_2 CLF_return_lag_3 CLF_return_lag_5 CLF_rsi CLF_macd CLF_atr CLF_bollinger_pband CLF_sma_20 CLF_ema_12 NGF_close NGF_high NGF_low NGF_log_return NGF_return_lag_1 NGF_return_lag_2 NGF_return_lag_3 NGF_return_lag_5 NGF_rsi NGF_macd NGF_atr NGF_bollinger_pband NGF_sma_20 NGF_ema_12 GCF_close GCF_high GCF_low GCF_log_return GCF_return_lag_1 GCF_return_lag_2 GCF_return_lag_3 GCF_return_lag_5 GCF_rsi GCF_macd GCF_atr GCF_bollinger_pband GCF_sma_20 GCF_ema_12 ESF_close ESF_high ESF_low ESF_log_return ESF_return_lag_1 ESF_return_lag_2 ESF_return_lag_3 ESF_return_lag_5 ESF_rsi ESF_macd ESF_atr ESF_bollinger_pband ESF_sma_20 ESF_ema_12 OVX_close OVX_high OVX_low OVX_log_return OVX_return_lag_1 OVX_return_lag_2 OVX_return_lag_3 OVX_return_lag_5 OVX_rsi OVX_macd OVX_atr OVX_bollinger_pband OVX_sma_20 OVX_ema_12 VIX_close VIX_high VIX_low VIX_log_return VIX_return_lag_1 VIX_return_lag_2 VIX_return_lag_3 VIX_return_lag_5 VIX_rsi VIX_macd VIX_atr VIX_bollinger_pband VIX_sma_20 VIX_ema_12 dayofweek month
feature_infos=[10.010000228881836:145.28999328613281] [13.689999580383301:147.27000427246094] [-16.739999771118164:143.22000122070312] [-0.28220613410748507:0.31963363001506739] [-3.0596606527245438:0.37662331847024161] [-3.0596606527245438:0.37662331847024161] [-3.0596606527245438:0.37662331847024161] [-3.0596606527245438:0.37662331847024161] [13.38643652311714:83.210323620614091] [-9.8281223802334967:7.97885172563943] [0:10.452948508274901] [-0.41281397817354781:1.4043454832463376] [15.709000062942504:138.99549942016603] [12.291231566310916:140.80144695919438] [1.4819999933242798:15.378000259399414] [1.5670000314712524:15.779999732971191] [1.4320000410079956:14.85099983215332] [-0.30047975442423092:0.38172674938692641] [-0.25953710489588089:0.46481176972812022] [-0.25953710489588089:0.46481176972812022] [-0.25953710489588089:0.46481176972812022] [-0.25953710489588089:0.46481176972812022] [18.044605362972419:90.712653795761199] [-1.1013067389130224:1.0014697105002559] [0:0.90881418667804525] [-0.39331285298471508:1.5222821752089954] [1.681499993801117:13.632850074768069] [1.6222197076543536:13.996008695092531] [255.1000061035156:4529.10009765625] [256.10000610351562:4556.2998046875] [255:4502] [-0.098205791666101896:0.086431656660303502] [-0.093537657837483301:0.090276852010222106] [-0.093537657837483301:0.090276852010222106] [-0.093537657837483301:0.090276852010222106] [-0.093537657837483301:0.090276852010222106] [16.555741582929272:87.904153828387336] [-54.381705690513854:161.0150279738391] [0:97.227721193022717] [-0.45381279025607418:1.4579485613048675] [259.26999816894534:4320.8700195312504] [258.77246879729984:4383.5456758642604] [676:6982.5] [694.75:6994] [665.75:6969] [-0.109552441509657:0.1320221173165245] [-0.1037648367952522:0.14113355780022441] [-0.1037648367952522:0.14113355780022441] [-0.1037648367952522:0.14113355780022441] [-0.1037648367952522:0.14113355780022441] [14.108148414180109:88.011432871879066] [-229.5234008326338:118.85145603935509] [0:225.50356219258967] [-0.49529788249361201:1.2895570765549609] [736.25:6875.5395019531252] [720.46685627641943:6903.9879961157712] [14.5:325.14999389648438] [14.869999885559082:517.19000244140625] [13.930000305175779:213.58999633789065] [-0.62225072502498813:0.63607329626369979] [-0.4632649658851884:1.3577311672249306] [-0.4632649658851884:1.3577311672249306] [-0.4632649658851884:1.3577311672249306] [-0.4632649658851884:1.3577311672249306] [22.645342283431063:92.248920880423697] [-20.638006536848678:35.412549322046047] [0:82.552051007336871] [-0.30576588235305752:1.565497204701664] [15.597999954223631:166.58600044250488] [15.225394406259817:187.36498022544225] [9.1400003433227539:82.69000244140625] [9.3100004196166992:89.529998779296875] [8.5600004196166992:72.760002136230469] [-0.44244875916441467:0.76824502946630258] [-0.35753873962348431:1.1559792516603906] [-0.35753873962348431:1.1559792516603906] [-0.35753873962348431:1.1559792516603906] [-0.35753873962348431:1.1559792516603906] [24.368040061278009:91.037512365341044] [-5.4502543009591307:14.577704716716717] [0.5483063062588599:13.271699221808236] [-0.23851463087285141:1.5609696354247931] [9.7824999809265112:65.028999710083013] [9.7214706984371517:68.422373952761433] [0:4] [1:12]
tree_sizes=1477 1361 1333 1327 1327 1341 1350 1325 1317 1342 1328 1304 1320 1314 1299 1316 1299 1333 1308 1301 1323 1252 1312

Tree=0
num_leaves=15
num_cat=0
split_feature=57 57 71 30 8 40 52 85 40 69 9 52 9 50
split_gain=0.139757 0.0292874 0.012729 0.00751901 0.00180013 0.00118108 0.00111616 0.00110531 0.00089881 0.00130313 0.000586444 0.000406091 0.000259926 0.000113409
threshold=52.170000076293952 35.594999313354499 32.914999008178718 1715.3999633789065 50.439613282347302 2005.8175018310551 18.312070172729808 2.5000000000000004 393.1375000000001 45.305010952049493 2.313635817833529 81.649556202933908 3.283921079075768 70.057431745159093
decision_type=10 8 10 10 10 10 8 2 10 10 10 10 10 10
left_child=1 10 -2 -4 5 6 -3 -8 -6 12 11 -1 13 -10
right_child=2 4 3 -5 8 -7 7 -9 9 -11 -12 -13 -14 -15
leaf_value=0.018350748860772398 0.019372959547708853 0.018831362787830618 0.021350380074992948 0.018831362787830618 0.018831362787830618 0.018831362787830618 0.018831362787830618 0.01906257319938327 0.018662264986261615 0.018831362787830618 0.018831362787830618 0.018831362787830618 0.018831362787830618 0.018831362787830618
leaf_weight=1547 272 394 166 51 332 134 63 685 850 180 70 45 49 52
leaf_count=1547 272 394 166 51 332 134 63 685 850 180 70 45 49 52
internal_value=0.0188314 0.0186661 0.0202431 0.0209721 0.0188314 0.0189197 0.0189611 0.0190247 0.0187782 0.018732 0.0183727 0.0183597 0.0186814 0.0186702
internal_weight=4890 4401 489 217 2739 1276 1142 748 1463 1131 1662 1592 951 902
internal_count=4890 4401 489 217 2739 1276 1142 748 1463 1131 1662 1592 951 902
is_linear=0
shrinkage=1


Tree=1
num_leaves=15
num_cat=0
split_feature=68 68 65 83 68 2 68 26 9 67 22 9 12 37
split_gain=0.0869821 0.0321891 0.0128166 0.00462419 0.00405292 0.00279736 0.00331446 0.00173652 0.00173292 0.00143563 0.00128489 0.00119245 0.0010022 0.000701279
threshold=60.923749732971203 31.760249996185305 1.3023170594929001 34.105614427250821 37.449250030517582 51.225000381469734 43.860500335693366 2.3494000047445298 -0.20213696545626897 0.52683809377225177 36.517266207006578 -1.4911197962000668 106.58899993896485 4.2708273990184589
decision_type=10 8 10 10 10 2 10 10 10 10 10 10 10 10
left_child=1 -1 5 -2 -4 8 7 -7 13 -6 -11 -9 -13 -3
right_child=3 2 4 -5 9 6 -8 11 -10 10 -12 12 -14 -15
leaf_value=-0.00049509294600559052 0 0.00027562567219847759 0 0.0024470237791626779 0 0 1.0595342483681476e-05 0 0 0 0.00089932793267746673 -0.0002345103604037184 0 0
leaf_weight=1132 69 324 124 115 57 129 339 105 796 53 194 1331 45 77
leaf_count=1132 69 324 124 115 57 129 339 105 796 53 194 1331 45 77
internal_value=0 -7.83874e-05 3.16412e-05 0.00188299 0.000492588 -6.12644e-06 -9.19605e-05 -0.000162293 6.80766e-05 0.000667864 0.000771038 -0.000194468 -0.000217926 0.000218366
internal_weight=4890 4706 3574 184 428 3146 1949 1610 1197 304 247 1481 1376 401
internal_count=4890 4706 3574 184 428 3146 1949 1610 1197 304 247 1481 1376 401
is_linear=0
shrinkage=0.0885038


Tree=2
num_leaves=15
num_cat=0
split_feature=58 58 58 10 82 0 9 11 81 73 42 9 10 3
split_gain=0.101938 0.0299167 0.00802388 0.00268195 0.00117722 0.000805647 0.000922435 0.000684192 0.000379562 0.000296587 0.000226238 0.000188747 0.000184139 0.000167088
threshold=55.98500061035157 34.715000152587898 43.600000381469734 2.479079533074759 28.755000209808355 45.414999008178718 -0.31683266332528598 0.32503864570104452 0.20107325931212075 0.13334805803909033 1104.1250000000002 3.0466172460246108 0.89042278890478266 0.028764499965677651
decision_type=10 8 10 2 10 2 10 8 10 10 10 10 2 10
left_child=1 3 5 9 8 6 12 -7 -4 13 -9 -12 -3 -1
right_child=-2 2 4 -5 -6 7 -8 10 -10 -11 11 -13 -14 -15
leaf_value=-0.00041156696959334597 0.0018994311178958663 0 0 0 0 0 0 0 0.00049365552477103475 0 -0.00011682899204390618 0 0.00025905193025958946 0
leaf_weight=1625 212 81 63 183 126 409 596 73 379 64 794 48 190 47
leaf_count=1625 212 81 63 183 126 409 596 73 379 64 794 48 190 47
internal_value=0 -8.47462e-05 7.92242e-05 -0.000361382 0.000375684 0 6.86244e-05 -4.10178e-05 0.000449705 -0.000395556 -9.1058e-05 -0.000105428 0.000204274 -0.000404775
internal_weight=4890 4678 2759 1919 568 2191 867 1324 442 1736 915 842 271 1672
internal_count=4890 4678 2759 1919 568 2191 867 1324 442 1736 915 842 271 1672
is_linear=0
shrinkage=0.0885038


Tree=3
num_leaves=15
num_cat=0
split_feature=56 56 52 8 26 40 82 58 52 52 15 11 1 51
split_gain=0.0947707 0.02017 0.00355104 0.00150005 0.000975814 0.000929138 0.000912024 0.000718823 0.000540773 0.000519782 0.000348017 0.000258499 0.000199799 0.000164617
threshold=50.429998397827156 33.225000381469734 28.726577685794293 45.632301557130631 2.9194499790668496 2005.8175018310551 25.911999940872196 40.68499946594239 78.074237617202826 18.312070172729808 7.2744998931884775 0.37023664980162246 49.604999542236335 30.347627783615966
decision_type=10 8 10 10 10 10 8 10 10 8 10 10 2 10
left_child=1 8 -2 5 13 9 7 11 10 -3 12 -6 -1 -5
right_child=2 3 -4 4 6 -7 -8 -9 -10 -11 -12 -13 -14 -15
leaf_value=0 0 0 0.0014006822478996803 5.9193367822141913e-05 0 0 0 0 0 0.00019800754503921725 0 -0.00015740717982618975 -0.00041108346897682024 0
leaf_weight=70 57 267 362 368 114 95 324 112 46 565 55 944 1340 171
leaf_count=70 57 267 362 368 114 95 324 112 46 565 55 944 1340 171
internal_value=0 -0.000115776 0.00127618 0 -2.15828e-05 0.000107951 -7.58286e-05 -0.000115966 -0.000379766 0.000147416 -0.000389412 -0.000142104 -0.000399362 0
internal_weight=4890 4471 419 2960 2033 927 1494 1170 1511 832 1465 1058 1410 539
internal_count=4890 4471 419 2960 2033 927 1494 1170 1511 832 1465 1058 1410 539
is_linear=0
shrinkage=0.0885038


Tree=4
num_leaves=15
num_cat=0
split_feature=83 83 2 10 64 10 10 65 38 83 51 40 30 52
split_gain=0.0512788 0.0148617 0.00802781 0.00608125 0.00363489 0.00398818 0.00108152 0.000980582 0.000730494 0.000690076 0.000612036 0.000403637 0.000377431 0.000287929
threshold=38.268164737701596 23.50772053265332 59.414999008178718 2.4110083278686729 55.85473325893404 0.89042278890478266 1.6357767663832379 0.90783653465539527 3.7383208535903298 21.750772633811696 27.528516745161827 298.95250167846683 428.60000610351568 80.530841671961653
decision_type=10 8 2 2 8 2 2 10 10 10 10 10 8 10
left_child=1 2 6 7 -3 -6 11 8 -4 13 12 -1 -8 -10
right_child=-2 4 3 -5 5 -7 10 -9 9 -11 -12 -13 -14 -15
leaf_value=0 0.0017885235530875445 0 0 0 0 0.00057097406345438023 0 0 -0.00037809786614555332 0 0 -7.7709317138581168e-05 0.00017152476630902038 0
leaf_weight=150 123 509 46 611 145 352 66 94 1407 47 56 730 509 45
leaf_count=150 123 509 46 611 145 352 66 94 1407 47 56 730 509 45
internal_value=0 -4.14738e-05 -0.000136 -0.00024262 0.000233918 0.000409931 0 -0.000331468 -0.000348607 -0.000359268 0.000107004 -3.76381e-05 0.000144576 -0.0003701
internal_weight=4890 4767 3761 2250 1006 497 1511 1639 1545 1499 631 880 575 1452
internal_count=4890 4767 3761 2250 1006 497 1511 1639 1545 1499 631 880 575 1452
is_linear=0
shrinkage=0.0885038


Tree=5
num_leaves=15
num_cat=0
split_feature=58 69 58 82 9 10 43 13 54 29 85 2 85 44
split_gain=0.0968656 0.0181385 0.00602375 0.00145108 0.000888984 0.000884202 0.000837923 0.00071193 0.000967742 0.00131203 0.000933486 0.000486977 0.000597536 0.000364835
threshold=55.98500061035157 33.5943488809461 42.179998397827156 28.755000209808355 0.35883351356736176 2.5266214263904359 1085.8750000000002 56.989048955632178 1079.6777496337893 268.15000915527349 7.5000000000000009 111.76499938964845 11.500000000000002 1103.1250000000002
decision_type=10 8 10 10 10 2 10 10 8 10 2 2 2 10
left_child=1 5 4 6 7 -1 -4 8 -3 -10 -11 12 -8 -6
right_child=-2 2 3 -5 13 -7 11 -9 9 10 -12 -13 -14 -15
leaf_value=-0.00033981240515292585 0.0018306569104892204 0 0 0 0 0 0.00046962680170218864 0 0 0 0.00035435926260800511 0 0 -0.00010994196704893336
leaf_weight=1449 220 195 49 131 240 65 348 670 98 221 245 52 58 811
leaf_count=1449 220 195 49 131 240 65 348 670 98 221 245 52 58 811
internal_value=1.85269e-06 -6.80679e-05 3.1759e-05 0.00028086 -6.83701e-07 -0.000325485 0.000348831 3.68832e-06 8.58647e-05 0.000152846 0.00022434 0.000386046 0.000421325 -8.12898e-05
internal_weight=4852 4632 3118 638 2480 1514 507 1429 759 564 466 458 406 1051
internal_count=4852 4632 3118 638 2480 1514 507 1429 759 564 466 458 406 1051
is_linear=0
shrinkage=0.0885038


Tree=6
num_leaves=15
num_cat=0
split_feature=56 56 56 26 56 10 54 52 24 24 65 54 16 56
split_gain=0.081047 0.0138449 0.00799348 0.00108893 0.00229742 0.000677918 0.000261645 0.000221993 0.000212883 0.000146744 0.000221039 0.000349173 0.000119113 5.01884e-05
threshold=52.329999923706062 34.774999618530281 88.059997558593764 2.9356999993324284 42.555000305175788 2.5702781201344691 1082.8937500000002 80.530841671961653 0.078411207321898116 0.35970089391935289 1.3463947216887375 985.62649993896491 6.6284999847412118 44.145000457763679
decision_type=10 8 10 10 8 2 10 10 10 10 10 10 10 10
left_child=1 5 -2 4 -3 7 -6 8 -1 10 11 -5 -10 -13
right_child=2 3 -4 9 6 -7 -8 -9 12 -11 -12 13 -14 -15
leaf_value=0 0.00074103609522972627 0 0.0031378882185194878 0 0 0 0.0003136477743847626 0 -0.00033195937822841836 0 0 -8.1305105391870261e-05 0 0
leaf_weight=160 313 434 50 220 54 115 294 46 1370 661 134 909 47 45
leaf_count=160 313 434 50 220 54 115 294 46 1370 661 134 909 47 45
internal_value=5.49546e-07 -8.60287e-05 0.00128737 1.12482e-05 0.000106547 -0.000285153 0.000277886 -0.000300575 -0.00030673 0 -2.9644e-05 -4.95363e-05 -0.000325397 -7.67244e-05
internal_weight=4852 4489 363 2751 782 1738 348 1623 1577 1969 1308 1174 1417 954
internal_count=4852 4489 363 2751 782 1738 348 1623 1577 1969 1308 1174 1417 954
is_linear=0
shrinkage=0.0885038


Tree=7
num_leaves=15
num_cat=0
split_feature=56 56 58 9 82 43 9 85 8 54 38 46 40 51
split_gain=0.0697856 0.0142369 0.00423711 0.00374837 0.00103478 0.000654873 0.000438521 0.000541471 0.000341186 0.000564293 0.000271494 0.000199069 0.000179343 0.000121446
threshold=60.454999923706062 34.774999618530281 42.179998397827156 -1.0026597801913348 28.755000209808355 1183.3750000000002 1.8502091948271053 11.500000000000002 46.495799031691909 1190.66875 24.549801852298167 -0.0126481732675539 2937.3000122070316 -14.029918091839361
decision_type=10 8 10 10 10 10 10 2 10 10 8 10 10 10
left_child=1 11 8 -2 5 -4 7 -7 10 -10 -3 -1 -13 -11
right_child=3 2 4 -5 -6 6 -8 -9 9 13 -12 12 -14 -15
leaf_value=0 0.0020723482481522361 6.5856180708338173e-05 0 0 0 0.00041361281516424036 0 0 0 0 0 -0.00027808634367031799 0 -9.1679982332277033e-05
leaf_weight=94 131 657 52 79 134 349 56 58 588 52 87 1581 63 871
leaf_count=94 131 657 52 79 134 349 56 58 588 52 87 1581 63 871
internal_value=1.41852e-06 -5.37025e-05 4.39358e-05 0.0015935 0.000244491 0.000301774 0.000335223 0.000369155 0 -3.59206e-05 3.117e-05 -0.000261994 -0.000271135 -8.30726e-05
internal_weight=4852 4642 2904 210 649 515 463 407 2255 1511 744 1738 1644 923
internal_count=4852 4642 2904 210 649 515 463 407 2255 1511 744 1738 1644 923
is_linear=0
shrinkage=0.0885038


Tree=8
num_leaves=15
num_cat=0
split_feature=56 56 22 41 52 9 38 52 28 82 57 51 10 41
split_gain=0.0606027 0.00996359 0.00502805 0.00159498 0.00185842 0.00121918 0.000901562 0.0010613 0.00115356 0.00128512 0.000761699 0.000615681 0.000543578 0.000345794
threshold=52.329999923706062 34.555000305175788 34.911121209716022 1715.1690318378044 33.298420020645786 0.35883351356736176 25.941640015811064 18.225725773629545 268.05000305175787 32.604000139236454 41.844999313354499 22.955367506890415 2.5702781201344691 2368.0741148563325
decision_type=10 8 10 10 10 10 8 8 10 8 8 10 2 10
left_child=1 12 -2 4 -4 6 7 -3 -9 10 -10 -12 13 -1
right_child=2 5 3 -5 -6 -7 -8 8 9 -11 11 -13 -14 -15
leaf_value=-0.00026915492286512294 0 0 0 0 0.0018855874784013682 -2.1786419487832804e-05 0 0 0 0 0.00033392987003275256 0 0 0
leaf_weight=1476 53 505 76 88 146 1134 168 96 253 57 488 83 102 127
leaf_count=1476 53 505 76 88 146 1134 168 96 253 57 488 83 102 127
internal_value=2.52048e-06 -7.0097e-05 0.0011167 0.00125986 0.00150755 7.07707e-06 7.44714e-05 0.000104593 0.00015844 0.000195179 0.000230101 0.000294711 -0.000242133 -0.000254981
internal_weight=4852 4489 363 310 222 2784 1650 1482 977 881 824 571 1705 1603
internal_count=4852 4489 363 310 222 2784 1650 1482 977 881 824 571 1705 1603
is_linear=0
shrinkage=0.0885038


Tree=9
num_leaves=15
num_cat=0
split_feature=56 56 22 11 41 26 10 23 26 50 37 37 39 14
split_gain=0.0534699 0.00826251 0.00417309 0.0015815 0.000871182 0.000549645 0.000535064 0.000503377 0.000536877 0.000480044 0.000497713 0.000415963 0.000316836 0.000250148
threshold=52.329999923706062 34.555000305175788 34.911121209716022 0.76855215008913291 1993.721654801707 2.4916000008583072 0.90436754852653112 -0.55078687734686127 11.808649969100953 39.2028589428405 26.272463447191289 27.588837853170165 0.016525758119289552 6.9359998703002939
decision_type=10 8 10 10 10 10 2 8 10 10 10 10 8 10
left_child=1 5 -2 4 6 -1 -3 -8 11 -7 13 12 -9 -11
right_child=2 3 -4 -5 -6 9 7 8 -10 10 -12 -13 -14 -15
leaf_value=0 0 0 0.0011812686557438744 -6.0034921232003606e-05 0 0 0 0 0 -0.00027654256474772781 0 0 0.00016168159145670075 0
leaf_weight=195 53 217 310 829 165 93 77 78 57 1276 82 48 1313 59
leaf_count=195 53 217 310 829 165 93 77 78 57 1276 82 48 1313 59
internal_value=2.22361e-06 -6.49902e-05 0.00104958 2.68202e-06 6.94145e-05 -0.000221511 9.52615e-05 0.000113978 0.000127653 -0.000241361 -0.000254425 0.000140937 0.000151298 -0.000267635
internal_weight=4852 4489 363 2784 1955 1705 1790 1573 1496 1510 1417 1439 1391 1335
internal_count=4852 4489 363 2784 1955 1705 1790 1573 1496 1510 1417 1439 1391 1335
is_linear=0
shrinkage=0.0885038


Tree=10
num_leaves=15
num_cat=0
split_feature=69 69 9 9 28 26 24 51 66 69 53 8 28 8
split_gain=0.0277333 0.00893922 0.00330384 0.00267972 0.00142594 0.000724237 0.00112898 0.000567597 0.000589936 0.000487468 0.00061981 0.000428403 0.000246311 0.000470936
threshold=54.586882790924271 30.189165326224742 -0.64349180222215263 -1.3397536009868387 1770.600036621094 2.9356999993324284 0.36529696458815525 -29.619093124046909 1.6360097324665712 38.696402054604683 0.85534910303958378 68.238272734344505 1465.0999755859377 62.938291438368275
decision_type=10 8 10 10 8 8 10 10 8 8 10 10 10 10
left_child=1 -1 -2 4 9 12 7 -7 -9 -3 -11 -10 13 -5
right_child=2 3 -4 5 -6 6 -8 8 11 10 -12 -13 -14 -15
leaf_value=-0.00028967204227827896 0.0012704578715612598 0 0 0.00012761001170779921 0 0 0 0 -0.00014358014361306936 0.00038021419929708678 0 0 0 0
leaf_weight=981 143 125 122 345 129 70 511 126 1366 274 46 134 486 59
leaf_count=981 143 125 122 345 129 70 511 126 1366 274 46 134 486 59
internal_value=0 -5.14109e-05 0.000879397 0 0.000185578 -1.98633e-05 -5.58933e-05 -9.63299e-05 -0.000111415 0.00026367 0.000329561 -0.000128594 0 6.91053e-05
internal_weight=4917 4652 265 3671 574 3097 2207 1696 1626 445 320 1500 890 404
internal_count=4917 4652 265 3671 574 3097 2207 1696 1626 445 320 1500 890 404
is_linear=0
shrinkage=0.0885038


Tree=11
num_leaves=15
num_cat=0
split_feature=57 58 40 83 0 40 8 13 55 69 23 29 67 43
split_gain=0.031034 0.00586771 0.00231203 0.00302284 0.000647012 0.000520061 0.000442032 0.000458041 0.000485044 0.000716829 0.000784082 0.000467957 0.000450004 0.000208313
threshold=52.170000076293952 29.404999732971195 1707.9774963378909 17.734081433298261 50.914999008178718 2338.7574890136725 57.208624392723728 56.989048955632178 1082.8291986378015 39.554438115935859 -0.22604281779447991 268.15000915527349 0.32728703922823327 1071.2500000000002
decision_type=10 8 10 10 2 10 10 10 8 8 8 10 8 10
left_child=1 5 3 -2 -5 -1 7 8 -3 -10 -11 -12 -13 -8
right_child=2 6 -4 4 -6 -7 13 -9 9 10 11 12 -14 -15
leaf_value=-0.00027664066839236758 0 0 0 0.0012062549971758774 0 0 0 0 0 0 0 0 0.00025169280610427087 -7.3828505616397897e-05
leaf_weight=963 45 219 177 183 93 75 158 1319 175 67 51 45 416 931
leaf_count=963 45 219 177 183 93 75 158 1319 175 67 51 45 416 931
internal_value=0 -7.31779e-05 0.000663781 0.000860216 0.000972834 -0.00025899 0 2.91923e-06 6.08886e-05 9.91115e-05 0.000149965 0.000193463 0.00022253 -5.62271e-05
internal_weight=4917 4419 498 321 276 1038 3381 2292 973 754 579 512 461 1089
internal_count=4917 4419 498 321 276 1038 3381 2292 973 754 579 512 461 1089
is_linear=0
shrinkage=0.0885038


Tree=12
num_leaves=15
num_cat=0
split_feature=56 56 80 40 9 51 26 26 51 9 12 52 70 27
split_gain=0.0288922 0.00484836 0.00237446 0.00150607 0.000654728 0.000459901 0.000777861 0.00041727 0.000196689 0.000184407 0.000216356 8.57825e-05 4.48105e-05 1.63778e-05
threshold=48.145000457763679 39.065000534057624 2.4445379553127635 1715.0525024414067 -2.3446564212754732 -5.9262819835234941 5.1768250346183784 2.4020250052213674 70.51494667146973 -0.21580523934347431 53.737250328063972 12.942047212056542 29.805000305175785 2.7858025340658497
decision_type=10 8 10 10 10 10 10 10 10 10 10 10 10 10
left_child=1 4 -2 -4 -1 -6 7 -7 11 10 12 -9 -3 -11
right_child=2 9 3 -5 5 6 -8 8 -10 13 -12 -13 -14 -15
leaf_value=0 0 0.00010559592022230582 0.00090349838485338243 0 0 0 0 0 0 0 0 -0.00023739530411374105 0 -1.0809051119988313e-05
leaf_weight=80 113 313 285 148 308 232 157 49 50 184 394 1461 45 1098
leaf_count=80 113 313 285 148 308 232 157 49 50 184 394 1461 45 1098
internal_value=0 -7.41851e-05 0.000608628 0.000714179 -0.000162922 -0.000172501 -0.000190545 -0.000207095 -0.000226631 0 4.38269e-05 -0.000232557 9.36402e-05 0
internal_weight=4917 4371 546 433 2337 2257 1949 1792 1560 2034 752 1510 358 1282
internal_count=4917 4371 546 433 2337 2257 1949 1792 1560 2034 752 1510 358 1282
is_linear=0
shrinkage=0.0885038


Tree=13
num_leaves=15
num_cat=0
split_feature=57 69 70 40 9 26 38 64 70 53 16 37 37 23
split_gain=0.023738 0.00427016 0.00203685 0.00142488 0.000640294 0.000596314 0.000491707 0.000465587 0.000369527 0.0003489 0.000285714 0.00033634 0.000239971 0.000183233
threshold=52.170000076293952 30.189165326224742 23.255000114440922 1707.9774963378909 -0.41784907921810788 2.8571249902248388 24.179679504239612 51.009863809920155 15.670000076293947 0.98755367700166863 2.4895000457763676 18.471430214343123 24.510631732570236 0.45075233982084795
decision_type=10 8 10 10 10 10 8 10 10 8 10 10 10 10
left_child=1 -1 -2 -4 6 -6 8 9 -3 12 -10 -12 13 -7
right_child=2 4 3 -5 5 7 -8 -9 10 -11 11 -13 -14 -15
leaf_value=-0.0002274786407688508 0 0 0.00096112774905896805 0 0 -0.000117836156892487 0 0 0 0 0.0001771107054104917 0 0 0
leaf_weight=979 159 345 212 127 576 1295 197 250 89 87 415 45 72 69
leaf_count=979 159 345 212 127 576 1295 197 250 89 87 415 45 72 69
internal_value=0 -6.24102e-05 0.000582069 0.000738089 0 -3.92347e-05 3.58145e-05 -6.8366e-05 7.66386e-05 -8.85193e-05 0.000121806 0.000150241 -0.000101062 -0.00011014
internal_weight=4917 4419 498 339 3440 2349 1091 1773 894 1523 549 460 1436 1364
internal_count=4917 4419 498 339 3440 2349 1091 1773 894 1523 549 460 1436 1364
is_linear=0
shrinkage=0.0885038


Tree=14
num_leaves=15
num_cat=0
split_feature=57 57 54 71 7 65 70 83 82 51 4 36 55 30
split_gain=0.0207362 0.00382151 0.00204968 0.00212745 0.000581538 0.000404757 0.000350302 0.000327127 0.000549634 0.000723508 0.000306545 0.000376313 0.000255591 0.000283881
threshold=52.170000076293952 40.745000839233406 4443.3580078125005 21.414999961853031 -0.020141941414924397 0.90783653465539527 26.054999351501468 22.515671614013076 32.604000139236454 18.292754390419763 -0.029261456693631446 75.308578207653468 3882.6257580378974 266.15000915527349
decision_type=10 8 10 10 10 8 10 10 10 10 10 10 10 10
left_child=1 4 3 -2 -1 6 10 -3 9 12 -6 -12 13 -9
right_child=2 7 -4 -5 5 -7 -8 8 -10 -11 11 -13 -14 -15
leaf_value=0 0 0 0 0.00070439511603961056 0 0 0 0 0 0 -0.00018715539818098975 0 0 0.00020444130623276281
leaf_weight=231 87 1399 46 365 55 174 49 59 117 91 1707 90 46 401
leaf_count=231 87 1399 46 365 55 174 49 59 117 91 1707 90 46 401
internal_value=0 -5.63658e-05 0.000545858 0.000603161 -0.000138091 -0.000152928 -0.000164911 0 5.99059e-05 0.000107254 -0.000171454 -0.000177855 0.000157392 0.000177768
internal_weight=4917 4419 498 452 2306 2075 1901 2113 714 597 1852 1797 506 460
internal_count=4917 4419 498 452 2306 2075 1901 2113 714 597 1852 1797 506 460
is_linear=0
shrinkage=0.0885038


Tree=15
num_leaves=15
num_cat=0
split_feature=56 56 56 60 52 24 51 19 36 9 64 17 5 52
split_gain=0.0309352 0.00707723 0.00289867 0.000766644 0.000867678 0.000628392 0.000483656 0.000618552 0.000329474 0.000323973 0.000250337 0.000182652 0.000168337 0.000168976
threshold=88.059997558593764 39.465000152587898 46.174999237060554 -0.062038766346417792 23.473628010824736 0.082165641385005858 -73.147157573292802 -0.04274785345726699 75.308578207653468 -2.5519498731723256 67.214077047317446 -0.050584629247342541 -0.029042767051510647 13.068993315402585
decision_type=10 8 10 10 10 10 10 10 10 10 8 10 10 10
left_child=1 5 -3 -4 -5 -1 -6 -8 9 -7 11 -11 -13 -14
right_child=-2 2 3 4 6 8 7 -9 -10 10 -12 12 13 -15
leaf_value=0 0.0022202266486102012 0 0 0 0 0 0 0.000354941872837293 0 0 0 0 0 -0.0001866947510988375
leaf_weight=218 49 1879 49 50 46 61 55 452 107 97 45 58 58 1706
leaf_count=218 49 1879 49 50 46 61 55 452 107 97 45 58 58 1706
internal_value=0 -1.24607e-05 7.11283e-05 0.000233373 0.000262387 -0.000135879 0.000295571 0.000320563 -0.000150531 -0.000158529 -0.000164937 -0.000169894 -0.000176595 -0.000181545
internal_weight=4930 4881 2531 652 603 2350 553 507 2132 2025 1964 1919 1822 1764
internal_count=4930 4881 2531 652 603 2350 553 507 2132 2025 1964 1919 1822 1764
is_linear=0
shrinkage=0.0885038


Tree=16
num_leaves=15
num_cat=0
split_feature=57 57 38 67 11 70 82 25 30 36 55 22 67 4
split_gain=0.0233396 0.00402893 0.00238798 0.00173459 0.00102742 0.000679116 0.000962653 0.00107148 0.00101312 0.000448077 0.000509205 0.000434014 0.000432796 0.000253282
threshold=67.029998779296889 40.745000839233406 22.823031352666913 0.43186685940952846 0.75007886410098157 18.144999504089363 32.114750099182139 0.15118688598984342 267.94999694824224 71.327338363141195 3946.7115896691321 70.272268278205146 0.39767312761771401 -0.035762829006185597
decision_type=10 8 10 10 10 10 10 8 10 10 10 10 8 10
left_child=1 11 -2 -4 5 -3 7 -7 -9 10 12 13 -10 -1
right_child=2 4 3 -5 -6 6 -8 8 9 -11 -12 -13 -14 -15
leaf_value=0 0 0 0 0.0015771065545943381 0 0 0 0 0 0 0 0 0.00034416027345453672 -0.00013562350181716174
leaf_weight=45 59 687 46 85 741 207 116 57 66 46 123 117 421 2114
leaf_count=45 59 687 46 85 741 207 116 57 66 46 123 117 421 2114
internal_value=0 -2.78797e-05 0.000970974 0.00122889 2.65872e-05 7.53765e-05 0.000120764 0.000156904 0.000208656 0.000243756 0.000263916 -0.000121323 0.000308922 -0.000130734
internal_weight=4930 4740 190 131 2464 1723 1036 920 713 656 610 2276 487 2159
internal_count=4930 4740 190 131 2464 1723 1036 920 713 656 610 2276 487 2159
is_linear=0
shrinkage=0.0885038


Tree=17
num_leaves=15
num_cat=0
split_feature=56 56 2 12 5 48 19 43 27 23 59 65 17 7
split_gain=0.0232729 0.00499484 0.00234089 0.000684598 0.000449739 0.000444949 0.000440611 0.000387313 0.000314351 0.000296499 0.000287913 0.000260776 0.000254222 0.000176908
threshold=88.059997558593764 46.174999237060554 48.320001602172859 108.39500007629395 -0.025267346848347246 -0.019998165474224897 -0.039214035109524294 1105.8750000000002 8.0493421269981287 0.41618647532577407 0.068418677236715908 2.6481248722402744 -0.055647004181941497 -0.029076721436115446
decision_type=10 10 2 10 10 10 10 10 10 10 10 10 10 10
left_child=1 2 -1 4 -4 -6 -3 -7 -8 10 11 12 -9 -14
right_child=-2 6 3 -5 5 7 8 9 -10 -11 -12 -13 13 -15
leaf_value=0 0.0019268936522342094 0 0 0 0 0 0.00024472150254070148 0 0 0 0 0 0 -0.00016395340016356916
leaf_weight=1146 49 90 220 67 60 114 516 104 46 66 134 45 107 2166
leaf_count=1146 49 90 220 67 60 114 516 104 46 66 134 45 107 2166
internal_value=0 -8.48153e-06 -5.85273e-05 -0.00010318 -0.00011252 -0.000122134 0.000195772 -0.000128521 0.000224957 -0.000135621 -0.000140629 -0.000147654 -0.000151901 -0.000158132
internal_weight=4930 4881 4229 3083 3016 2796 652 2736 562 2622 2556 2422 2377 2273
internal_count=4930 4881 4229 3083 3016 2796 652 2736 562 2622 2556 2422 2377 2273
is_linear=0
shrinkage=0.0885038


Tree=18
num_leaves=15
num_cat=0
split_feature=9 56 0 56 10 66 66 60 36 52 19 66 3 48
split_gain=0.0193907 0.00345042 0.00321974 0.00100791 0.000491277 0.000443598 0.000577281 0.000435241 0.000179254 0.000139677 0.000188151 0.000178534 7.81538e-05 3.39216e-05
threshold=-4.3729096823973022 39.354999542236335 46.245000839233406 46.174999237060554 2.479079533074759 2.4566294567693512 9.2986326700220783 -0.057351708414545594 73.763652600730651 13.068993315402585 0.053438409505969606 6.7215942198014655 -0.028911972115751996 -0.016071720478332097
decision_type=10 8 2 10 2 10 10 10 10 10 10 10 10 10
left_child=2 4 -1 -3 8 -5 7 -7 9 -2 11 12 -11 -14
right_child=1 3 -4 5 -6 6 -8 -9 -10 10 -12 -13 13 -15
leaf_value=0.0017888871038458649 0 0 0 0 0 0 0 0.00022995146577268927 0 0 0 0 0 -0.0001504202502851981
leaf_weight=55 74 1869 70 54 360 45 75 427 122 54 86 50 45 1544
leaf_count=55 74 1869 70 54 360 45 75 427 122 54 86 50 45 1544
internal_value=0 -1.50619e-05 0.00109833 3.64316e-05 -0.000103138 0.000136349 0.000163641 0.000201528 -0.000120519 -0.000127432 -0.000132399 -0.00013889 -0.000143974 -0.00014771
internal_weight=4930 4805 125 2470 2335 601 547 472 1975 1853 1779 1693 1643 1589
internal_count=4930 4805 125 2470 2335 601 547 472 1975 1853 1779 1693 1643 1589
is_linear=0
shrinkage=0.0885038


Tree=19
num_leaves=15
num_cat=0
split_feature=58 56 65 16 26 29 24 10 2 8 39 67 42 19
split_gain=0.0172299 0.00274595 0.00182811 0.00381434 0.000955633 0.00117295 0.000507712 0.000554252 0.000465249 0.000407335 0.000289161 0.000259881 0.000216279 0.000127521
threshold=64.639999389648452 39.354999542236335 -1.4610052511422766 5.3585000038146982 2.9908999979496005 1742.5000000000002 0.082165641385005858 2.479079533074759 50.30999946594239 61.068220825258052 0.92372540507782974 0.35694701315718197 1108.1250000000002 0.053438409505969606
decision_type=10 8 10 10 10 8 10 2 2 10 10 8 10 10
left_child=1 6 -2 -4 5 8 -1 10 9 11 12 -3 -8 -14
right_child=2 4 3 -5 -6 -7 7 -9 -10 -11 -12 -13 13 -15
leaf_value=0 0 0 0.0017828581359002869 0 0 0 0 0 0 0 0 0.00032228187036788795 -0.00015613373412720803 0
leaf_weight=216 48 49 56 47 1850 149 46 360 65 67 238 264 1397 78
leaf_count=216 48 49 56 47 1850 149 46 360 65 67 238 264 1397 78
internal_value=0 -1.54988e-05 0.000941361 0.00119922 2.77147e-05 0.000125547 -9.43354e-05 -0.000108088 0.000204171 0.000241674 -0.000128617 0.000284784 -0.000143596 -0.000149704
internal_weight=4930 4779 151 103 2444 594 2335 2119 445 380 1759 313 1521 1475
internal_count=4930 4779 151 103 2444 594 2335 2119 445 380 1759 313 1521 1475
is_linear=0
shrinkage=0.0885038


Tree=20
num_leaves=15
num_cat=0
split_feature=56 38 65 52 56 24 65 41 52 41 1 8 9 12
split_gain=0.0143213 0.00458428 0.00224763 0.00291613 0.00148893 0.000310769 0.000272836 0.000208782 0.000174058 0.000263613 0.000227319 2.35945e-05 5.99574e-05 8.77631e-05
threshold=50.429998397827156 22.275338230190886 -1.7437508073604986 81.649556202933908 31.804999351501468 0.077128144837735071 -2.2133852038282416 2368.0741148563325 13.545629486343783 1214.965703815644 50.784999847412116 50.731360790732957 2.313635817833529 27.992250156402594
decision_type=10 10 10 10 8 10 10 8 10 10 2 8 8 10
left_child=4 -2 -3 -4 5 -1 -7 8 -8 -10 -11 -6 13 -13
right_child=1 2 3 -5 11 6 7 -9 9 10 -12 12 -14 -15
leaf_value=0 0 0 0 0.0015795395485438762 9.8872601109832288e-06 0 0 0 0 0 -0.00018843570144537366 0 0 -3.0349096695901439e-05
leaf_weight=139 209 62 91 74 1563 50 78 63 138 46 760 143 235 1291
leaf_count=139 209 62 91 74 1563 50 78 63 138 46 760 143 235 1291
internal_value=1.23569e-06 0.000498338 0.000796976 0.00099022 -2.94497e-05 -0.000110552 -0.00012595 -0.00013625 -0.000145974 -0.000156568 -0.00017684 0 -4.37996e-06 -1.87038e-05
internal_weight=4942 436 227 165 4506 1274 1135 1085 1022 944 806 3232 1669 1434
internal_count=4942 436 227 165 4506 1274 1135 1085 1022 944 806 3232 1669 1434
is_linear=0
shrinkage=0.0885038


Tree=21
num_leaves=14
num_cat=0
split_feature=9 12 56 10 56 39 9 24 41 9 9 42 36
split_gain=0.0132916 0.00178587 0.00145532 0.000997935 0.00172131 0.000564145 0.000431426 0.000319171 0.000223779 0.000237539 0.000267616 0.00026482 9.75564e-05
threshold=-4.3729096823973022 56.519250202178959 31.804999351501468 0.89042278890478266 42.895000457763679 0.033800595325113904 0.20833738821434802 0.076046919473183719 2368.0741148563325 -1.8527039742179665 1.7775927129180253 1221.2500000000002 68.082218153357999
decision_type=8 10 10 2 8 8 10 10 10 10 10 10 10
left_child=-1 3 7 -2 -5 -6 12 -3 9 -9 11 -11 -7
right_child=1 2 -4 4 5 6 -8 8 -10 10 -12 -13 -14
leaf_value=0.00099561799210319915 0 0 0 0 0 0.00026507316185154194 0 0 0 0 0 -0.00017880707332288724 0
leaf_weight=105 321 130 1528 516 49 477 440 69 67 76 116 1003 45
leaf_count=105 321 130 1528 516 49 477 440 69 67 76 116 1003 45
internal_value=2.13205e-06 -3.212e-06 -5.89427e-05 4.44663e-05 8.66713e-05 0.000157105 0.000174736 -0.000122108 -0.000135074 -0.000143523 -0.000152791 -0.000166726 0.000250485
internal_weight=4942 4837 2989 1848 1527 1011 962 1461 1331 1264 1195 1079 522
internal_count=4942 4837 2989 1848 1527 1011 962 1461 1331 1264 1195 1079 522
is_linear=0
shrinkage=0.0885038


Tree=22
num_leaves=15
num_cat=0
split_feature=57 70 65 0 58 11 30 43 85 80 65 44 2 81
split_gain=0.0109595 0.00270087 0.00310045 0.00381418 0.00126549 0.000254002 0.000406902 0.000769787 0.00027273 0.000292225 0.000184642 0.000152959 0.000108472 9.91895e-05
threshold=60.725000381469734 23.899999618530277 1.3463947216887375 55.789999008178718 29.595000267028812 0.62852301213293049 1993.049987792969 1324.8750000000002 2.5000000000000004 1.198662147834658 0.89031758655939808 1327.3750000000002 50.085000991821296 0.15116238502520471
decision_type=10 10 10 2 8 10 8 8 2 10 8 10 2 8
left_child=4 -2 -3 -4 10 6 7 -6 -9 -10 11 -1 -13 -7
right_child=1 2 3 -5 5 13 -8 8 9 -11 -12 12 -14 -15
leaf_value=0 0 0 0.0015470363159633036 0 0 0 0 0 0 0.00014448271384783588 0 0 -0.00012624753333236399 -2.7177388950033901e-05
leaf_weight=57 52 84 67 48 875 232 228 144 114 740 56 52 892 1301
leaf_count=57 52 84 67 48 875 232 228 144 114 740 56 52 892 1301
internal_value=1.20732e-06 0.000582072 0.000730512 0.00106518 -1.31455e-05 0 2.93154e-05 5.16302e-05 0.000105093 0.00012413 -0.000100721 -0.00011026 -0.000118998 -1.09554e-05
internal_weight=4942 251 199 115 4691 3634 2101 1873 998 854 1057 1001 944 1533
internal_count=4942 251 199 115 4691 3634 2101 1873 998 854 1057 1001 944 1533
is_linear=0
shrinkage=0.0885038


end of trees

feature_importances:
OVX_close=27
CLF_macd=22
ESF_atr=15
CLF_atr=12
NGF_sma_20=10
OVX_high=10
OVX_low=10
OVX_macd=10
GCF_sma_20=9
ESF_macd=9
CLF_rsi=8
NGF_atr=7
OVX_ema_12=7
VIX_sma_20=7
CLF_low=6
GCF_atr=6
GCF_ema_12=6
VIX_close=6
VIX_ema_12=6
CLF_bollinger_pband=5
CLF_sma_20=5
GCF_low=5
GCF_rsi=5
GCF_macd=5
ESF_high=5
ESF_sma_20=5
OVX_bollinger_pband=5
month=5
CLF_close=4
NGF_return_lag_2=4
NGF_rsi=4
NGF_macd=4
OVX_atr=4
OVX_sma_20=4
NGF_low=3
GCF_close=3
GCF_high=3
GCF_bollinger_pband=3
ESF_close=3
ESF_ema_12=3
OVX_rsi=3
CLF_high=2
CLF_log_return=2
CLF_return_lag_1=2
CLF_return_lag_2=2
CLF_return_lag_5=2
CLF_ema_12=2
NGF_log_return=2
NGF_ema_12=2
ESF_low=2
ESF_return_lag_3=2
ESF_rsi=2
ESF_bollinger_pband=2
OVX_return_lag_1=2
VIX_high=2
VIX_atr=2
VIX_bollinger_pband=2
NGF_close=1
NGF_high=1
NGF_bollinger_pband=1
ESF_return_lag_1=1
OVX_log_return=1
VIX_log_return=1

parameters:
[boosting: gbdt]
[objective: regression]
[metric: rmse]
[tree_learner: serial]
[device_type: cpu]
[data_sample_strategy: bagging]
[data: ]
[valid: ]
[num_iterations: 23]
[learning_rate: 0.0885038]
[num_leaves: 15]
[num_threads: 0]
[seed: 42]
[deterministic: 0]
[force_col_wise: 0]
[force_row_wise: 0]
[histogram_pool_size: -1]
[max_depth: -1]
[min_data_in_leaf: 45]
[min_sum_hessian_in_leaf: 0.001]
[bagging_fraction: 0.773498]
[pos_bagging_fraction: 1]
[neg_bagging_fraction: 1]
[bagging_freq: 5]
[bagging_seed: 400]
[bagging_by_query: 0]
[feature_fraction: 0.60464]
[feature_fraction_bynode: 1]
[feature_fraction_seed: 30056]
[extra_trees: 0]
[extra_seed: 12879]
[early_stopping_round: 0]
[early_stopping_min_delta: 0]
[first_metric_only: 0]
[max_delta_step: 0]
[lambda_l1: 0.886624]
[lambda_l2: 0.00281062]
[linear_lambda: 0]
[min_gain_to_split: 0]
[drop_rate: 0.1]
[max_drop: 50]
[skip_drop: 0.5]
[xgboost_dart_mode: 0]
[uniform_drop: 0]
[drop_seed: 17869]
[top_rate: 0.2]
[other_rate: 0.1]
[min_data_per_group: 100]
[max_cat_threshold: 32]
[cat_l2: 10]
[cat_smooth: 10]
[max_cat_to_onehot: 4]
[top_k: 20]
[monotone_constraints: ]
[monotone_constraints_method: basic]
[monotone_penalty: 0]
[feature_contri: ]
[forcedsplits_filename: ]
[refit_decay_rate: 0.9]
[cegb_tradeoff: 1]
[cegb_penalty_split: 0]
[cegb_penalty_feature_lazy: ]
[cegb_penalty_feature_coupled: ]
[path_smooth: 0]
[interaction_constraints: ]
[verbosity: -1]
[saved_feature_importance_type: 0]
[use_quantized_grad: 0]
[num_grad_quant_bins: 4]
[quant_train_renew_leaf: 0]
[stochastic_rounding: 1]
[linear_tree: 0]
[max_bin: 255]
[max_bin_by_feature: ]
[min_data_in_bin: 3]
[bin_construct_sample_cnt: 200000]
[data_random_seed: 175]
[is_enable_sparse: 1]
[enable_bundle: 1]
[use_missing: 1]
[zero_as_missing: 0]
[feature_pre_filter: 0]
[pre_partition: 0]
[two_round: 0]
[header: 0]
[label_column: ]
[weight_column: ]
[group_column: ]
[ignore_column: ]
[categorical_feature: ]
[forcedbins_filename: ]
[precise_float_parser: 0]
[parser_config_file: ]
[objective_seed: 16083]
[num_class: 1]
[is_unbalance: 0]
[scale_pos_weight: 1]
[sigmoid: 1]
[boost_from_average: 1]
[reg_sqrt: 0]
[alpha: 0.9]
[fair_c: 1]
[poisson_max_delta_step: 0.7]
[tweedie_variance_power: 1.5]
[lambdarank_truncation_level: 30]
[lambdarank_norm: 1]
[label_gain: ]
[lambdarank_position_bias_regularization: 0]
[eval_at: ]
[multi_error_top_k: 1]
[auc_mu_weights: ]
[num_machines: 1]
[local_listen_port: 12400]
[time_out: 120]
[machine_list_filename: ]
[machines: ]
[gpu_platform_id: -1]
[gpu_device_id: -1]
[gpu_use_dp: 0]
[num_gpu: 1]

end of parameters

pandas_categorical:[]
