tree
version=v4
num_class=1
num_tree_per_iteration=1
label_index=0
max_feature_idx=85
objective=regression
feature_names=CLF_close CLF_high CLF_low CLF_log_return CLF_return_lag_1 CLF_return_lag_2 CLF_return_lag_3 CLF_return_lag_5 CLF_rsi CLF_macd CLF_atr CLF_bollinger_pband CLF_sma_20 CLF_ema_12 NGF_close NGF_high NGF_low NGF_log_return NGF_return_lag_1 NGF_return_lag_2 NGF_return_lag_3 NGF_return_lag_5 NGF_rsi NGF_macd NGF_atr NGF_bollinger_pband NGF_sma_20 NGF_ema_12 GCF_close GCF_high GCF_low GCF_log_return GCF_return_lag_1 GCF_return_lag_2 GCF_return_lag_3 GCF_return_lag_5 GCF_rsi GCF_macd GCF_atr GCF_bollinger_pband GCF_sma_20 GCF_ema_12 ESF_close ESF_high ESF_low ESF_log_return ESF_return_lag_1 ESF_return_lag_2 ESF_return_lag_3 ESF_return_lag_5 ESF_rsi ESF_macd ESF_atr ESF_bollinger_pband ESF_sma_20 ESF_ema_12 OVX_close OVX_high OVX_low OVX_log_return OVX_return_lag_1 OVX_return_lag_2 OVX_return_lag_3 OVX_return_lag_5 OVX_rsi OVX_macd OVX_atr OVX_bollinger_pband OVX_sma_20 OVX_ema_12 VIX_close VIX_high VIX_low VIX_log_return VIX_return_lag_1 VIX_return_lag_2 VIX_return_lag_3 VIX_return_lag_5 VIX_rsi VIX_macd VIX_atr VIX_bollinger_pband VIX_sma_20 VIX_ema_12 dayofweek month
feature_infos=[10.010000228881836:145.28999328613281] [13.689999580383301:147.27000427246094] [-16.739999771118164:143.22000122070312] [-0.28220613410748507:0.31963363001506739] [-3.0596606527245438:0.37662331847024161] [-3.0596606527245438:0.37662331847024161] [-3.0596606527245438:0.37662331847024161] [-3.0596606527245438:0.37662331847024161] [13.38643652311714:83.210323620614091] [-9.8281223802334967:7.97885172563943] [0:10.452948508274901] [-0.41281397817354781:1.4043454832463376] [15.709000062942504:138.99549942016603] [12.291231566310916:140.80144695919438] [1.4819999933242798:15.378000259399414] [1.5670000314712524:15.779999732971191] [1.4320000410079956:14.85099983215332] [-0.30047975442423092:0.38172674938692641] [-0.25953710489588089:0.46481176972812022] [-0.25953710489588089:0.46481176972812022] [-0.25953710489588089:0.46481176972812022] [-0.25953710489588089:0.46481176972812022] [18.044605362972419:90.712653795761199] [-1.1013067389130224:1.0014697105002559] [0:0.90881418667804525] [-0.39331285298471508:1.5222821752089954] [1.660400003194809:13.632850074768069] [1.6222197076543536:13.996008695092531] [255.1000061035156:4529.10009765625] [256.10000610351562:4556.2998046875] [255:4502] [-0.098205791666101896:0.086431656660303502] [-0.093537657837483301:0.090276852010222106] [-0.093537657837483301:0.090276852010222106] [-0.093537657837483301:0.090276852010222106] [-0.093537657837483301:0.090276852010222106] [16.555741582929272:87.904153828387336] [-54.381705690513854:161.0150279738391] [0:97.227721193022717] [-0.45381279025607418:1.4579485613048675] [259.26999816894534:4320.8700195312504] [258.77246879729984:4383.5456758642604] [676:6982.5] [694.75:6994] [665.75:6969] [-0.109552441509657:0.1320221173165245] [-0.1037648367952522:0.14113355780022441] [-0.1037648367952522:0.14113355780022441] [-0.1037648367952522:0.14113355780022441] [-0.1037648367952522:0.14113355780022441] [14.108148414180109:88.011432871879066] [-229.5234008326338:118.85145603935509] [0:225.50356219258967] [-0.49529788249361201:1.2895570765549609] [736.25:6875.5395019531252] [720.46685627641943:6903.9879961157712] [14.5:325.14999389648438] [14.869999885559082:517.19000244140625] [13.930000305175779:213.58999633789065] [-0.62225072502498813:0.63607329626369979] [-0.4632649658851884:1.3577311672249306] [-0.4632649658851884:1.3577311672249306] [-0.4632649658851884:1.3577311672249306] [-0.4632649658851884:1.3577311672249306] [22.645342283431063:92.248920880423697] [-20.638006536848678:35.412549322046047] [0:82.552051007336871] [-0.30576588235305752:1.565497204701664] [15.597999954223631:166.58600044250488] [15.225394406259817:187.36498022544225] [9.1400003433227539:82.69000244140625] [9.3100004196166992:89.529998779296875] [8.5600004196166992:72.760002136230469] [-0.44244875916441467:0.76824502946630258] [-0.35753873962348431:1.1559792516603906] [-0.35753873962348431:1.1559792516603906] [-0.35753873962348431:1.1559792516603906] [-0.35753873962348431:1.1559792516603906] [24.368040061278009:91.037512365341044] [-5.4502543009591307:14.577704716716717] [0.5483063062588599:13.271699221808236] [-0.23851463087285141:1.5609696354247931] [9.7824999809265112:65.028999710083013] [9.7214706984371517:68.422373952761433] [0:4] [1:12]
tree_sizes=7344 7302 7667 7687 7783 7712 7586 7677

Tree=0
num_leaves=77
num_cat=0
split_feature=51 19 66 33 47 78 39 49 31 7 24 33 33 65 46 67 73 29 24 6 77 23 8 7 23 31 81 51 29 1 3 22 25 21 23 35 42 23 73 20 35 59 46 9 6 83 32 1 72 45 51 82 23 74 8 19 23 76 49 43 29 75 39 45 49 39 59 45 63 76 13 78 29 64 74 8
split_gain=0.0177467 0.020833 0.020797 0.0171729 0.0117719 0.00779794 0.00963598 0.00740203 0.00659897 0.0129816 0.00532118 0.00929793 0.00563578 0.00517818 0.00540534 0.00450066 0.00786226 0.00652015 0.00653607 0.00550035 0.00426696 0.00385846 0.00440285 0.00433544 0.00414725 0.0039252 0.00416167 0.00407388 0.00395831 0.00349676 0.00399631 0.00620677 0.00506179 0.0048799 0.00389879 0.00447 0.00475558 0.00697949 0.00373951 0.00367317 0.00365455 0.00368865 0.00364988 0.00445893 0.00361546 0.00409209 0.00408493 0.00439047 0.00414571 0.00344215 0.00333847 0.0116357 0.00454349 0.00310077 0.00339509 0.0040041 0.00306783 0.00296192 0.00289955 0.00284152 0.00283448 0.00258125 0.00244373 0.00235061 0.00230252 0.002183 0.00225195 0.00190423 0.0018953 0.00183517 0.00180393 0.0031078 0.0017606 0.00194172 0.00173633 0.00145817
threshold=-66.570014293342794 -0.0013292880995013998 8.169599487451654 -0.0021646453109365996 -0.029618097216318699 66.836668903125897 0.7815946498132581 -0.026840037294844396 -0.007074920237691149 -0.031287585912004694 0.50381774497225484 0.0077489156919663014 0.0007948508042138001 3.3350845398651292 0.025590514601854002 0.81617043850326743 -0.072828938294671228 1294.7500000000002 0.13851153183294582 0.04545137106217341 0.015335521502115852 0.1721028363509873 37.010766440979857 -0.020141941414924397 0.12104176331978332 -0.011405853140201299 0.27182058532754572 4.6220091196964868 1505.2000122070315 71.454998016357436 -0.012888213364136749 39.345943532218847 0.53543393057149968 0.0045444123218739514 -0.11325683176753414 -0.0057783746326665998 2062.5000000000005 0.07835141913163586 -0.0068527706890310998 -0.0029173041866412995 0.00046088192313650003 -0.039748522072039098 -0.0079009086128627483 0.45176422239172359 -0.011003554445707249 17.505152222710976 -0.0026096555593653494 52.659999847412116 18.884999275207523 0.0034527878729828502 27.475266897252144 17.107749938964847 0.15970432577730961 0.04715005000760706 49.283644300542555 0.0030257957172899505 0.055663671718418656 -0.0079204911549496989 0.0029927099645475504 1112.6250000000002 1216.9000244140627 -0.0025755290954217994 0.76249619638125721 0.0028614001937016004 0.0025057826682721002 0.22615092081785229 -0.039003214307867899 0.00038117025248645005 -0.0078508335101764495 0.026196043639666503 87.231111181502897 41.640962596897005 1634.4000244140627 42.830182141606535 -0.0099794754247190479 53.159104230562569
decision_type=8 10 10 10 8 10 8 8 10 8 10 10 10 10 8 10 10 10 10 10 10 10 10 10 8 10 10 10 10 2 10 10 10 10 10 10 10 10 10 10 10 10 10 8 10 10 10 2 10 10 10 10 10 10 10 10 8 10 10 10 10 10 10 10 10 10 8 10 10 8 10 10 10 10 10 10
left_child=1 -1 4 -4 -2 7 -7 -6 9 -9 13 12 49 14 15 19 -17 20 -19 29 -18 22 -11 -24 25 26 -25 -28 60 30 34 33 44 38 -10 -36 37 -37 -32 40 41 -34 43 -31 45 -33 47 -46 62 -12 52 64 59 54 -41 63 -42 -23 -57 -44 -27 -38 -48 -56 -52 67 -67 -61 -54 70 71 -68 73 -72 -73 -71
right_child=2 -3 3 -5 5 6 -8 8 10 21 11 -13 -14 -15 -16 16 17 18 -20 -21 -22 57 23 24 -26 28 27 -29 -30 42 31 32 39 -35 35 36 61 -39 -40 53 56 -43 50 -45 46 -47 48 -49 -50 -51 51 -53 68 -55 55 58 -58 -59 -60 65 -62 -63 -64 -65 -66 66 69 -69 -70 75 72 74 -74 -75 -76 -77
leaf_value=0.00029299411931991786 0.0010938166992899014 -0.001623660629893023 0.0019867933242494187 0.00046964379088550715 -0.00055726122201696924 9.7559892425220005e-05 -0.0010541050017532942 0.00138427564699861 3.8417045245514375e-05 0.00066009294860659424 -0.00039510081880106483 0.0006191704239184167 -0.00093463356782756441 -0.00036444042499164328 0.0008647870679620713 -0.00082563808383665502 -0.00054509292456084786 -3.0262351821385423e-05 0.00084736834703975808 -0.00045593448218598641 0.00023117488526153303 0.00030589616559454974 -0.00038731147993993642 -0.00028028685424545192 -0.00030357512074753962 0.00065014339328024024 -4.7052280220104834e-06 0.00062524333741329364 0.0010245712861693102 0.00075355352861189624 0.00061806065096463195 -1.4778529835028891e-05 -0.00010248962714289712 0.00098692086321656275 6.2259408698303961e-05 0.0014295915216861314 0.00069962904562227213 0.00044017757995587866 -3.306847575832865e-05 0.00059990092107566517 0.0010694266519907522 0.00064261808045354342 -0.00037163852274471815 4.2769534672309638e-05 -0.00056613750961250712 -0.00077168855997482679 0.00034883299516828728 0.00020248554976869926 0.00078238473331391817 0.00029783585948567283 0.00042768311649853759 -0.0010438614537034143 0.00025919788375880108 -0.0002305568362118524 0.00016179278675851198 -0.00037121787903949264 0.00041914197285875681 0.00099527609859848725 0.00026476285008608462 0.00016193861238347399 2.5384271918618494e-05 6.1859939434699945e-05 -0.000159240379042584 0.0007218622017256816 -0.00013602543680227562 -0.0001588876581835293 -9.6939425460910577e-05 -0.00035839921455548083 0.00079819640222640988 0.0007274373252246449 0.00042580913292297604 0.00025320577773623858 -0.00030954374890128855 -5.3143994672951713e-05 0.00076255817877385844 0.0002630244993011216
leaf_weight=49 62 51 50 96 58 89 50 52 73 93 83 55 54 75 52 49 83 79 71 54 50 53 56 76 57 64 92 89 52 86 89 88 67 74 59 70 58 57 69 90 62 52 56 71 65 49 94 66 56 51 67 49 57 72 85 83 66 57 51 55 64 54 75 54 61 78 56 71 58 49 61 60 53 96 58 76
leaf_count=49 62 51 50 96 58 89 50 52 73 93 83 55 54 75 52 49 83 79 71 54 50 53 56 76 57 64 92 89 52 86 89 88 67 74 59 70 58 57 69 90 62 52 56 71 65 49 94 66 56 51 67 49 57 72 85 83 66 57 51 55 64 54 75 54 61 78 56 71 58 49 61 60 53 96 58 76
internal_value=0.000191041 -0.0006845 0.000208686 0.000989216 0.000185024 0.000173172 -0.000316708 0.000187927 0.000197411 0.000369869 0.00016041 -0.000139998 -0.000362095 0.000181213 0.000193131 0.000182804 -4.93006e-05 8.51182e-05 0.00038515 0.000208069 -0.000253263 0.000299817 0.000237665 0.000166237 0.000228987 0.000298452 0.000131953 0.000305048 0.000536175 0.000220037 0.000279393 0.00022829 0.000166337 0.00054206 0.000473203 0.000579711 0.00070745 0.000985524 0.000333707 0.000283479 0.000487924 0.000223104 0.000133389 0.000432116 4.28535e-06 -0.000285498 0.000115803 -0.000178892 0.000287381 -0.000131371 8.91857e-05 -0.000173966 0.000141876 0.000167393 0.000246325 0.000129761 0.000734124 0.00066312 -0.000129166 8.3678e-05 0.000337764 0.000392133 0.000123357 0.000379374 0.000159041 0.000119439 0.000173254 -0.000131268 0.000531041 0.000224152 0.000152237 0.0003103 2.12701e-05 0.000132946 0.000503565 0.000445074
internal_weight=5062 100 4962 146 4816 4754 139 4615 4557 805 3752 243 188 3509 3434 3382 332 283 150 3050 133 753 643 550 494 437 257 181 180 2996 1778 1407 1175 232 371 298 239 127 158 682 247 119 1218 157 493 137 356 131 225 134 1061 177 884 435 363 273 128 110 134 769 128 112 169 139 128 713 587 126 115 509 384 174 210 157 118 125
internal_count=5062 100 4962 146 4816 4754 139 4615 4557 805 3752 243 188 3509 3434 3382 332 283 150 3050 133 753 643 550 494 437 257 181 180 2996 1778 1407 1175 232 371 298 239 127 158 682 247 119 1218 157 493 137 356 131 225 134 1061 177 884 435 363 273 128 110 134 769 128 112 169 139 128 713 587 126 115 509 384 174 210 157 118 125
is_linear=0
shrinkage=1


Tree=1
num_leaves=76
num_cat=0
split_feature=47 44 53 49 79 47 46 31 7 36 16 31 10 37 45 14 11 33 9 49 52 64 76 6 21 3 37 36 37 10 36 6 78 72 75 46 9 36 23 60 83 36 78 80 78 47 0 2 61 34 20 62 19 25 32 20 57 57 5 49 53 33 8 8 51 46 76 61 52 60 8 2 21 21 11
split_gain=0.0158386 0.0108604 0.00905077 0.0101816 0.0159903 0.00900452 0.00992257 0.00671925 0.0122478 0.00592112 0.00588749 0.00581139 0.00439589 0.00530129 0.00430369 0.00560844 0.00416282 0.00400681 0.00372906 0.00306959 0.00462136 0.00386821 0.00630418 0.00306523 0.00356763 0.00370556 0.00576219 0.00547578 0.00473189 0.00487754 0.00368814 0.005318 0.00492973 0.00485645 0.00510058 0.00430623 0.00461933 0.00437592 0.00419977 0.00345429 0.00338907 0.00415278 0.00330349 0.00518162 0.00388894 0.00349328 0.00326037 0.003954 0.00294131 0.0028978 0.00284167 0.00310799 0.00283648 0.00292528 0.00283329 0.002764 0.00421592 0.00325237 0.00272065 0.00238707 0.00307241 0.00238189 0.00235933 0.00274633 0.00193715 0.00190269 0.00262166 0.00236318 0.00186366 0.00182571 0.00158195 0.00123371 0.00100911 0.00165689 0.000839182
threshold=0.025671343752496006 805.87500000000011 -0.031530546688701394 0.029305796050752602 -2.324213109540874 -0.025329108195433898 0.028838286148377502 -0.007074920237691149 -0.028351280030706996 59.593116395272936 5.5989999771118173 -0.0050767689825195993 0.84682484270964398 0.48363557606984386 -0.0031720344714111495 3.4854999780654912 0.6699133460896588 0.0060598337552413015 0.6328926021507898 -0.020119255199900345 101.50274329883483 63.032425866557439 0.014247326224298753 0.04822201896711651 -0.064950673581737742 -0.012888213364136749 10.25014510625306 66.474660513665256 0.48363557606984386 2.2378495688879183 61.912332116796684 -0.010156190965946449 58.431137279610716 21.875000000000004 0.029262450764424953 -0.0040503116512529492 -0.92675961980667931 49.877307854371566 0.01240425407752215 -0.041243088583511292 14.148045871332089 44.764660065873308 49.796671682806632 1.7644897087006892 43.650845244512816 0.0017723667805367501 49.375000000000007 34.465000152587898 -0.0023567435850645499 0.0045805838700566509 -0.0095597561116641475 -0.0032927199736721997 -0.021047651931891197 0.67462277215518196 0.0027002290182272502 -0.00046274934655399994 42.079999923706062 36.444999694824226 0.022758893132115755 -0.0058270888432169991 0.90886493260418855 0.0012725027717003501 45.198401027837782 51.639190873076444 6.8902049707965043 0.00018363812777395002 -0.030776524778035046 -0.023693396133406847 31.715787436694402 0.0012079313618551001 51.918016209657878 64.905002593994155 -0.013717624176010098 0.0086956604525008519 0.72159718850076082
decision_type=10 10 10 10 10 10 10 8 10 8 10 10 2 10 10 10 10 10 10 8 10 10 10 10 10 10 8 10 10 2 8 10 10 10 10 10 10 10 10 8 10 10 10 10 10 10 2 2 10 10 10 8 10 10 10 10 8 10 10 10 10 10 10 10 10 10 10 10 10 8 10 2 10 10 10
left_child=1 -1 9 4 -4 -6 7 8 -7 11 14 -3 13 -9 15 -10 50 49 -18 -14 21 23 -23 24 -21 26 28 -28 29 40 31 42 39 35 38 54 37 -37 -35 -32 -26 -42 44 -44 45 -27 47 -41 70 -12 -16 -52 -30 -54 61 56 57 68 62 -57 65 -33 -48 -64 -65 69 -67 -68 71 -61 -46 -38 -66 -74 -73
right_child=-2 2 3 -5 5 6 -8 12 10 -11 17 -13 19 -15 16 -17 18 -19 -20 20 -22 22 -24 -25 25 30 27 -29 52 -31 32 33 -34 34 -36 36 55 -39 -40 46 41 -43 43 -45 48 -47 58 -49 -50 -51 51 -53 53 -55 -56 59 -58 -59 -60 60 -62 -63 63 64 72 66 67 -69 -70 -71 -72 74 73 -75 -76
leaf_value=0.00099385973724336915 -0.00087796114392841044 -0.00071973564260028407 0.0012219855050538244 -0.00084371834440722716 0.00070938845206076646 0.0010761351006935386 -0.00092376665229165712 -0.00013844112653966912 0.00010739045984654493 -0.0008673997937955468 0.00091335501411319903 0.00015001839814864787 -0.00041711071883096805 0.00071034648868590407 0.00059917271147274609 -0.00070471121218701927 -0.0006202726254771404 -4.7933859321751238e-05 9.3987557149269069e-05 -0.00040580684099577431 0.00061160652353541706 -0.00071959633476580457 8.7195099661273748e-05 -0.00052449951682668702 0.00023946435541214497 7.1982480611519688e-05 -0.00064398269482093373 0.00015053513116500904 0.0009561057952629389 0.00057773338857521419 0.00037094537785089285 -6.6511872977954248e-05 -0.00071991231167010407 0.00051852523416798918 0.00093998824995038678 -5.0326218199159566e-05 0.00030953858468435718 -0.00086901915890704514 -0.0002503257492202932 -9.7285855112360208e-05 0.00012312480411945804 -0.00070368982294724449 -5.5678012048194688e-05 -0.00083252122952372513 0.00062671361804377739 -0.00055994549553031953 0.00042237907322502177 -0.00088026231183752275 -0.00018879384876592639 0.00026651841080511962 0.00042870948880794322 -0.00017969071160042811 0.00013292960070515153 0.00072270742509782983 0.00069398656252362323 -0.00043645188255041857 0.00059102048777698996 -0.00043898689649603191 -0.00049932281961647534 0.00015714575596072474 -0.00035310525530518318 0.00048812472547871225 -0.0004251766183187858 0.00031037299945090436 0.00012413471385198645 0.00063384985637440425 -0.00020633589347309573 0.0003412131264224594 0.00051986028192806902 -0.00039952949335639716 0.00012978776176169858 -0.00026085002581031707 -0.00044270192294698467 4.0799295282843262e-05 9.1503760843288445e-05
leaf_weight=50 88 52 50 58 84 65 49 55 77 78 76 97 86 79 89 73 49 50 94 93 51 89 82 50 81 68 67 89 49 66 62 85 62 71 56 66 58 51 56 60 49 59 81 71 55 89 49 54 65 51 74 74 90 63 62 67 83 49 57 50 87 57 75 77 67 50 68 71 49 54 58 53 61 64 68
leaf_count=50 88 52 50 58 84 65 49 55 77 78 76 97 86 79 89 73 49 50 94 93 51 89 82 50 81 68 67 89 49 66 62 85 62 71 56 66 58 51 56 60 49 59 81 71 55 89 49 54 65 51 74 74 90 63 62 67 83 49 57 50 87 57 75 77 67 50 68 71 49 54 58 53 61 64 68
internal_value=4.83304e-06 2.04514e-05 1.05671e-05 3.03522e-05 4.12804e-05 2.84159e-05 1.57185e-05 2.60495e-05 0.000204119 -0.000398818 0.000123948 -0.00015352 -1.12659e-05 0.000361964 1.3246e-05 -0.000287832 0.000132093 0.000455428 -0.000150759 -2.5354e-05 -1.56279e-05 -2.50006e-05 -0.000332714 -8.77018e-06 -6.91712e-07 1.14657e-05 0.000157645 -0.0001907 0.000276555 8.64409e-05 -2.45795e-05 2.54359e-05 -0.000155288 9.50173e-05 0.000412221 4.35561e-05 -1.73869e-05 -0.000407192 0.000179504 -9.93669e-05 -8.51215e-05 -0.000328561 -0.000161877 -0.000418546 -4.54179e-05 -0.000286244 -0.000151068 -0.000468169 0.000166996 0.000653602 0.000302758 0.000124509 0.000516552 0.000375779 0.000319592 3.91276e-05 0.000176022 5.16723e-05 -7.07355e-05 -7.11229e-05 -6.70968e-06 0.000156124 -8.57401e-06 -6.99598e-05 2.90784e-05 9.6145e-05 0.000221628 7.33474e-05 0.000157121 -0.000131897 0.000371654 5.78237e-05 -8.37325e-05 -0.000195149 -6.2833e-05
internal_weight=5062 4974 4924 4697 4639 4589 4505 4456 772 227 707 149 3684 134 530 150 380 177 143 3550 3464 3413 171 3242 3192 3099 613 156 457 255 2486 1798 688 1311 183 1128 924 117 127 626 189 108 487 152 335 157 564 114 178 127 237 148 202 153 204 807 360 277 450 447 380 142 393 344 269 293 189 139 228 104 113 179 192 125 121
internal_count=5062 4974 4924 4697 4639 4589 4505 4456 772 227 707 149 3684 134 530 150 380 177 143 3550 3464 3413 171 3242 3192 3099 613 156 457 255 2486 1798 688 1311 183 1128 924 117 127 626 189 108 487 152 335 157 564 114 178 127 237 148 202 153 204 807 360 277 450 447 380 142 393 344 269 293 189 139 228 104 113 179 192 125 121
is_linear=0
shrinkage=0.0663821


Tree=2
num_leaves=80
num_cat=0
split_feature=48 66 78 39 4 79 48 56 21 20 35 56 7 75 2 81 42 4 39 78 62 64 65 0 76 21 32 74 83 34 35 32 69 12 76 42 80 68 39 7 4 34 4 27 37 35 21 61 84 28 65 35 12 68 77 69 11 7 19 9 40 51 61 48 12 49 17 31 18 27 35 53 63 64 26 64 9 37 49
split_gain=0.0164442 0.0176408 0.0123266 0.0199696 0.00681958 0.0080126 0.0070636 0.00947468 0.0134017 0.0121433 0.00913209 0.00666156 0.00426919 0.00612344 0.0049517 0.00859079 0.00409894 0.00371085 0.00359005 0.00432895 0.00359274 0.00339449 0.00330504 0.00329028 0.00316114 0.00362587 0.00773509 0.00282196 0.00357472 0.00272944 0.00405181 0.00352067 0.00451188 0.00670735 0.00555023 0.00372048 0.00331214 0.00346631 0.00316257 0.0030105 0.00291115 0.00282205 0.00360073 0.00598256 0.00277269 0.00264376 0.00502796 0.00391429 0.00377701 0.00615726 0.00425572 0.00495464 0.00331123 0.00277957 0.00271831 0.00336894 0.00254709 0.00315121 0.0025455 0.00268947 0.00241736 0.0025691 0.00237421 0.00235266 0.00205865 0.00202224 0.00210972 0.00217955 0.00200839 0.00214676 0.00189681 0.00184615 0.00183645 0.00165184 0.00193082 0.00149742 0.00166494 0.00140509 0.00109274
threshold=-0.037680659603139592 14.292258831274678 69.27666322384087 0.69213892750750161 -0.056559094877092549 -2.1082188516068761 0.028955875258256904 51.239999771118171 0.020618505335116555 -0.0084870922944682483 -0.0014434976066114498 49.784999847412116 0.012287034177767052 0.0094098447334918008 59.895000457763679 0.69853572096879957 2062.5000000000005 0.025907263362384404 0.64600225774610665 43.806295660692193 0.016523402373619853 63.032425866557439 1.4478243269779922 58.305000305175788 0.15002216839713908 -0.06772082916357193 0.0014946188819304001 -0.016399326627303545 17.785083586696633 0.0045082312901478004 -0.016094436038423546 1.0000000180025095e-35 33.11585715892874 76.040500259399423 -0.013819782655609398 4143.0000000000009 3.4699907285913345 47.510999965667729 1.0636821824210081 -0.015636058460805295 0.031409481625341053 0.0034439840398151006 0.020169006100253902 2.958266700062675 1.1273831917116015 0.00028194172671120002 0.038266573418991361 -0.038218778716287191 1.5000000000000002 503.34999084472662 0.66842995242749847 0.0080299685044433518 67.489249324798593 42.193250131607066 0.048028834725424054 33.79885986840975 0.73211820759209167 0.020917790007051951 -0.017694434346060245 -0.13514005486378972 1274.3499938964846 5.2981631089968468 -0.014297607781963697 -0.0015886791983676497 29.292749977111821 0.0086025171994114514 -0.024252550705974794 0.0035603364124066508 -0.0082460925458582492 2.9168508495632035 0.0011153245496144501 0.70974917294509265 0.0012079313618551001 47.064307890806631 2.9826500058174141 45.421068925476611 0.7613602324354255 -2.8394949981769453 0.00085505556203100015
decision_type=10 10 10 8 10 10 10 10 10 10 10 10 10 10 2 10 10 10 10 10 10 10 8 2 10 8 10 10 10 10 10 10 10 10 10 10 10 10 8 10 10 10 10 10 10 10 10 8 2 10 8 10 10 10 10 8 10 10 10 10 10 10 10 10 10 10 10 10 10 10 10 10 8 10 10 8 10 10 10
left_child=-1 2 4 -4 -2 -6 7 11 9 -9 -11 12 21 17 15 16 -15 18 19 62 56 24 -23 -21 25 26 -7 70 -29 36 -31 35 58 34 -34 39 37 38 40 -32 41 42 45 -44 -43 53 47 -47 49 -49 73 -52 -51 54 64 -56 71 -58 -33 -60 61 -41 -14 -25 -27 66 -66 68 78 -70 -16 -20 -54 74 -50 -61 -77 -69 -68
right_child=1 -3 3 -5 5 6 -8 8 -10 10 -12 -13 13 14 27 -17 -18 -19 20 23 -22 22 -24 63 -26 29 -28 28 -30 30 31 32 33 -35 -36 -37 -38 -39 -40 60 -42 44 43 -45 -46 46 -48 48 50 52 51 -53 72 -55 55 -57 57 -59 59 75 -62 -63 -64 -65 65 -67 67 77 69 -71 -72 -73 -74 -75 -76 76 -78 -79 -80
leaf_value=-0.0011476975489438151 0.00069507198329281958 0.0012452300707483628 0.00014904652235500952 -0.0016859607657841692 -0.00083398333551799571 -0.0010068488418347079 -0.00069642160406580683 0.001395553661920358 -0.00047361701283987962 -0.00035262063947675388 0.00083858146487796894 -0.00064545663717134041 -0.00036793279335694732 0.0011465951239494122 0.00021974678140688843 -8.9471459048902919e-05 0.00040530310484813672 -0.00048134579947418964 -0.00075142853441103425 0.00070124698419728941 0.00032325226223737873 -0.00069418314154545192 -2.4686304524154635e-05 -0.00016215554059229273 0.00040119768154899514 0.00042636633598264824 0.00016674551398576236 2.7628410990686667e-05 0.00077006416856983267 0.00041084432774114032 0.00026882964795044698 -0.00038917564888483298 0.00026980508989548903 -0.0010514132395380354 -0.00065339974438987638 0.00049803810124905018 0.00048346039611485956 -0.00050255367805840682 0.00053754158909941876 -0.00029481898733596496 0.00039012476536479557 0.00069862906406262552 -0.00093240640357619079 -2.9348169211811579e-05 4.1584629958006353e-05 -0.00028324892086980011 -0.0004796202439724715 -0.00064978187699541628 0.00061703741879272844 0.00056045946374068455 0.00097459077837808302 0.00019759925500888105 0.00024638132738711557 -0.00053943288061426321 3.2282236388223774e-05 -0.00066847557282269691 -0.0003351462671721855 0.00035451462681091649 0.00038693305193680458 0.00017203537240321118 -0.00045379732204164648 0.00025291391252484546 0.00022605354825003796 0.00042285183294443404 0.00037490075864939049 -0.00031583925116467797 -0.00034511620068953776 1.7060462656685121e-05 -8.4231150539597132e-05 0.00045262230053201639 -0.00031131444342710708 -0.0002071705043649006 -0.0003119283046025597 -4.7852567450404809e-05 8.1804433007852845e-05 -1.6539489357559762e-06 -0.00054613675670358804 -0.00042823972988529117 8.9515849670911387e-05
leaf_weight=54 65 51 56 49 49 49 60 70 55 53 61 68 69 84 49 61 54 63 53 86 64 64 66 54 81 50 50 65 51 64 84 93 55 66 60 59 71 54 54 77 90 49 49 95 67 79 60 50 54 65 80 66 50 53 59 62 65 53 64 49 95 74 52 69 69 85 52 53 52 89 75 57 54 95 66 49 50 76 50
leaf_count=54 65 51 56 49 49 49 60 70 55 53 61 68 69 84 49 61 54 63 53 86 64 64 66 54 81 50 50 65 51 64 84 93 55 66 60 59 71 54 54 77 90 49 49 95 67 79 60 50 54 65 80 66 50 53 59 62 65 53 64 49 95 74 52 69 69 85 52 53 52 89 75 57 54 95 66 49 50 76 50
internal_value=4.51221e-06 1.69362e-05 4.29892e-06 -0.00070729 1.96981e-05 1.05276e-05 1.92614e-05 2.84408e-05 0.000435583 0.000707355 0.000284777 6.51985e-06 1.66627e-05 0.000128167 0.00032171 0.000566546 0.000856524 4.12954e-06 5.33015e-05 0.000203318 -0.000116238 -2.19362e-05 -0.000354285 0.000386257 -8.075e-06 -1.89943e-05 -0.000414124 0.000118701 0.000354044 -5.67533e-06 -9.90223e-05 -0.000136315 -0.000255444 -0.000518 -0.000211867 1.25187e-05 3.81949e-05 2.17892e-05 3.69064e-05 -7.42863e-05 2.20442e-05 2.88446e-06 -1.98585e-05 -0.000336639 0.000319129 1.11942e-05 0.000102147 0.000155115 0.000214824 -2.66799e-06 0.000346764 0.000623348 0.000188786 -7.59994e-05 -4.07598e-05 -0.000326784 -0.000239604 -2.53833e-05 -9.9632e-05 2.73847e-05 -0.000191448 -2.63936e-05 -0.000112666 0.000166019 1.93251e-05 -1.93671e-05 3.77761e-05 -2.47551e-05 9.23173e-05 0.000254634 -0.00010146 -0.000469404 -4.35102e-05 0.000158945 0.000322659 -0.000128096 -0.000276645 -0.000245287 -0.000132061
internal_weight=5062 5008 4957 105 4852 4787 4738 4678 239 184 114 4439 4371 1124 439 199 138 685 622 330 292 3247 130 209 3117 3036 99 240 116 2937 939 875 486 181 115 389 1998 1927 1873 330 1819 1729 1613 144 116 1469 719 659 580 219 361 146 169 750 697 121 228 118 305 212 246 151 121 123 576 526 441 372 243 141 124 110 104 215 120 148 99 129 102
internal_count=5062 5008 4957 105 4852 4787 4738 4678 239 184 114 4439 4371 1124 439 199 138 685 622 330 292 3247 130 209 3117 3036 99 240 116 2937 939 875 486 181 115 389 1998 1927 1873 330 1819 1729 1613 144 116 1469 719 659 580 219 361 146 169 750 697 121 228 118 305 212 246 151 121 123 576 526 441 372 243 141 124 110 104 215 120 148 99 129 102
is_linear=0
shrinkage=0.0663821


Tree=3
num_leaves=80
num_cat=0
split_feature=51 19 66 62 47 50 49 4 49 4 45 0 76 31 83 74 4 65 23 23 11 31 81 26 62 81 17 45 56 48 78 7 3 47 47 17 36 70 3 22 64 32 69 36 23 51 65 1 7 58 19 66 36 53 11 65 31 78 47 56 51 5 5 84 73 65 31 63 37 77 24 4 61 61 66 47 4 8 53
split_gain=0.0149281 0.0178449 0.0163254 0.0149743 0.00913385 0.00594919 0.00550869 0.00697363 0.00770816 0.00452338 0.00509255 0.00435501 0.00537157 0.00442417 0.00465468 0.00842282 0.00677897 0.00510152 0.00399262 0.00417486 0.00545683 0.00317296 0.00315028 0.00382514 0.00376745 0.00360015 0.00444974 0.00365749 0.00400721 0.00392147 0.00327085 0.00555285 0.00351622 0.00355702 0.00421866 0.00401035 0.00395022 0.00366767 0.00396517 0.00350731 0.00360729 0.00344272 0.00337549 0.00333093 0.00384107 0.00289596 0.00468942 0.00434713 0.00369966 0.00304327 0.00331573 0.00317095 0.0028537 0.00304888 0.00302756 0.00283235 0.00280898 0.0027194 0.00267716 0.00300828 0.00265511 0.00259853 0.0029286 0.00257049 0.00252473 0.0037231 0.00251766 0.00248047 0.00242528 0.00246229 0.00354361 0.00220252 0.00219393 0.00219195 0.00214388 0.00192933 0.00189214 0.00156529 0.00142412
threshold=-66.570014293342794 -0.0013292880995013998 8.169599487451654 -0.0088376156785131988 -0.029618097216318699 29.220565090407835 0.029305796050752602 -0.053004952810199797 -0.026840037294844396 -0.044014948942153492 0.023799278081436056 27.435000419616703 -0.027716390352376448 0.020739315198874352 30.093729963942547 -0.040182442050357946 0.0041943861322789504 3.3350845398651292 0.53956101580455773 0.34609353334849269 0.74959435344471659 -0.00093906017334249988 0.69349072706464632 2.4318999975919726 0.078017350140362554 0.88507094298458788 0.028686137831697503 0.0041218984541517506 34.774999618530281 -0.00058326444383204989 43.650845244512816 0.012287034177767052 -0.020063773195228649 0.0064881897902724006 0.0036199325019828504 0.023176912486555002 62.980589136745898 20.644999504089363 0.0020492404345807502 39.8412257675528 54.489491008807363 0.0023593037438673003 30.755136652219573 52.9560749902409 0.096957171477535672 16.260291816277121 0.2977351799822987 70.905002593994155 0.0097041000692993009 36.405000686645515 0.0027045017868298506 2.5269864007659302 49.877307854371566 0.017508668064051804 0.7677048363818727 -1.0000000180025095e-35 0.00012542360391205003 49.729778364474662 -0.00037990526651379995 36.194999694824226 8.4422942716561256 0.024838427373875354 0.0099781111756851015 1.5000000000000002 -0.023411139463664295 -1.0556511653858001 -0.0019772742918486492 -0.003622642859016 4.6297690468741175 0.0067161388590435004 0.29548237828532958 -0.00047350611431744993 -0.0027201508388465497 0.0081162569523786521 3.14803914119461 0.0021473355944299504 -0.00083066451341909993 49.417519596509585 0.77979626109770861
decision_type=8 10 10 10 8 8 10 8 8 8 8 2 10 10 8 10 10 10 8 10 10 10 10 10 10 10 10 10 8 10 10 10 10 10 10 10 10 10 10 10 10 10 10 8 10 10 10 2 10 10 10 10 8 10 10 8 8 10 10 8 10 10 10 2 10 10 10 10 10 10 10 10 10 8 8 10 10 10 10
left_child=1 -1 4 -4 -2 -6 7 -7 -9 -10 11 12 -11 14 17 -16 -17 18 19 22 -21 -14 24 -24 30 26 27 28 71 -30 45 32 41 34 35 36 43 38 -35 -33 58 60 -38 44 64 49 47 74 75 51 -51 61 54 -54 55 -27 -45 -23 59 -41 -32 62 68 -36 72 -66 -60 -55 69 70 78 -25 -34 -68 -47 -49 -76 -37 -13
right_child=2 -3 3 -5 5 6 -8 8 9 10 -12 13 21 -15 15 16 -18 -19 -20 20 -22 57 23 25 -26 52 -28 -29 29 -31 31 39 33 37 63 77 42 -39 -40 40 -42 -43 -44 56 -46 46 -48 48 -50 50 -52 -53 53 67 -56 -57 -58 -59 66 -61 -62 -63 -64 -65 65 -67 73 -69 -70 -71 -72 -73 -74 -75 76 -77 -78 -79 -80
leaf_value=0.00010588481357182661 0.00079994376455439192 -0.0016679972712226882 0.0013660446222830242 2.0986244638299183e-05 -0.0006734417169295628 0.00070444360662276582 -0.00066312615864076328 -0.00079273731082955573 -0.00060457234141757948 -0.00017454833619701222 0.00055841907826495625 -0.00033883336965720553 0.00095491733613102862 -0.00047255960401713004 0.0010726002923784966 0.00045768713134363109 -0.0005603387804091587 -0.00064013652179566204 -0.00053163376406922195 0.000777597087138673 -4.5742714863654549e-05 -3.7122598317642285e-05 -0.00052360134252386892 -0.00045078967228565455 0.00044067196817042665 0.00011236815193005611 0.00034079800111302212 6.0437267864716842e-05 -0.0010996226008968802 -0.00035746392840368344 0.00087518145941388589 0.00064405146512788887 0.00041718613913620695 -0.00049236358014450752 1.8810205544790557e-05 0.00056744468853042024 -0.00013627743607183375 -0.00074124873553156026 0.0001528121265768253 0.00017539692521541017 -0.00034293460434251454 -0.00011560606170117579 -0.00088988850325328835 -0.00014582117934541916 -0.00066526312500905544 -0.00026249120509240162 -0.0007651198102489339 -0.00041394713175624948 -0.00084093638560550231 0.00067315650856613382 -3.9758463435767363e-05 -0.00044487811838714352 -0.00053535020310804132 0.0003614549192083623 -0.00018545000712086212 0.00071383913214985201 0.00047278912006790049 0.00065181126505106039 0.00045914968574298443 0.00090000059941367904 0.00018413210602900371 -0.00042657562501183726 0.00041406754386545159 0.00061152415954256981 -0.00066110609185395961 2.9113310417135424e-05 0.00023461422408161116 -0.00027161714572795047 0.00033422447813854714 0.00018737130113643738 -0.00071644247391225435 0.0001631735583720545 -0.00014956260292472385 -0.00035892069156041146 0.00041817691210863317 0.00011482772524694235 -2.5519449166169537e-05 0.00010327633018371676 0.00012380805477295287
leaf_weight=49 62 51 75 71 59 62 55 54 53 74 74 49 49 90 49 70 49 57 63 69 73 51 95 52 91 69 53 83 59 67 49 90 68 74 56 50 55 57 97 50 50 58 50 53 55 66 58 68 53 58 57 79 54 60 51 69 83 50 59 51 49 53 85 76 57 87 52 50 66 80 52 51 54 58 80 55 90 89 73
leaf_count=49 62 51 75 71 59 62 55 54 53 74 74 49 49 90 49 70 49 57 63 69 73 51 95 52 91 69 53 83 59 67 49 90 68 74 56 50 55 57 97 50 50 58 50 53 55 66 58 68 53 58 57 79 54 60 51 69 83 50 59 51 49 53 85 76 57 87 52 50 66 80 52 51 54 58 80 55 90 89 73
internal_value=4.21268e-06 -0.000798795 2.03958e-05 0.000711941 -5.68784e-07 -1.10088e-05 -2.68428e-06 5.14423e-06 -4.3264e-06 5.08434e-06 1.23113e-05 3.1205e-06 0.000288266 -1.21857e-05 -2.03783e-06 0.000340113 3.85e-05 -1.67201e-05 -7.50948e-06 1.19139e-06 0.000354331 0.000516588 -1.25359e-05 -0.000127752 2.04468e-05 -7.53768e-05 -0.000221557 -0.000317086 -0.000453917 -0.000704983 6.53616e-06 6.66669e-05 -4.51368e-06 -4.77798e-05 1.58091e-05 -4.90161e-05 -0.000127979 -0.000280102 -0.000126387 0.000277952 0.000174986 0.000289751 -0.00049514 -4.36202e-05 -0.000160272 -8.06587e-05 -0.000206269 -0.000127596 -0.000377287 9.8886e-06 0.000319799 -5.64795e-05 7.5773e-05 -0.000126844 0.000251589 0.000413104 0.000231713 0.000303934 0.000270897 0.000541286 0.000529657 1.05151e-05 6.77146e-05 0.00036007 -5.58568e-05 -0.000244099 0.000109304 7.36949e-05 -2.42854e-05 -0.000117442 -0.000257585 -0.000146788 0.00016633 -7.83405e-05 5.86143e-05 -0.000177503 0.000183279 0.000270243 -6.20069e-05
internal_weight=5062 100 4962 146 4816 4754 4695 4640 4578 4524 4471 4397 224 4173 4083 168 119 3915 3858 3795 142 150 3653 813 2840 718 365 312 229 126 2749 1627 1217 1061 833 701 562 228 171 410 320 156 105 457 321 1122 470 412 176 652 115 537 353 164 189 138 136 101 270 101 98 458 405 132 266 144 169 110 320 254 174 103 122 110 236 123 170 139 122
internal_count=5062 100 4962 146 4816 4754 4695 4640 4578 4524 4471 4397 224 4173 4083 168 119 3915 3858 3795 142 150 3653 813 2840 718 365 312 229 126 2749 1627 1217 1061 833 701 562 228 171 410 320 156 105 457 321 1122 470 412 176 652 115 537 353 164 189 138 136 101 270 101 98 458 405 132 266 144 169 110 320 254 174 103 122 110 236 123 170 139 122
is_linear=0
shrinkage=0.0663821


Tree=4
num_leaves=81
num_cat=0
split_feature=2 80 57 45 47 76 9 81 32 47 18 69 29 38 9 48 79 4 35 21 56 67 20 6 6 71 53 60 77 77 35 6 62 33 3 68 9 33 19 68 7 21 57 33 35 80 23 19 66 18 4 5 10 40 83 11 5 62 68 35 36 37 20 74 60 12 85 56 11 25 74 42 43 7 49 47 76 38 69 59
split_gain=0.0244208 0.0346943 0.00970726 0.0106281 0.0064249 0.00507743 0.00611565 0.00746314 0.0071326 0.00782181 0.00604163 0.00743369 0.00472677 0.00443957 0.00439767 0.00446079 0.00675269 0.00494165 0.00365691 0.0060646 0.00487504 0.00443834 0.00486473 0.00379101 0.00381699 0.00444426 0.0035835 0.00324974 0.00400045 0.00529032 0.00465834 0.00379921 0.00353372 0.00433644 0.00332885 0.00320138 0.00309878 0.00485298 0.0040357 0.00338772 0.00327692 0.00367035 0.00361785 0.00317506 0.00305894 0.00503429 0.00385983 0.00309603 0.00371909 0.00339881 0.00321465 0.00305138 0.00356852 0.00342347 0.00445519 0.00372188 0.00395339 0.0030171 0.00364143 0.00294427 0.00286594 0.00275597 0.00266776 0.00266563 0.00245645 0.00238386 0.00228128 0.00225317 0.00225231 0.00223353 0.00208293 0.00188445 0.00232117 0.00184433 0.00219703 0.00175725 0.00174643 0.00168521 0.00109218 0.000701785
threshold=20.319999694824222 6.1449351249640829 70.895000457763686 -0.030065580467259895 -0.032943526368017041 0.10884922921470595 -1.792952853142239 0.77381999144094982 0.0036777456711819005 0.0018473766823134503 -0.015537313535106149 39.18979611403558 1243.5999755859377 18.039202490792203 3.4646977611971939 -0.014109675726220997 0.12917944897595304 -0.040457589579818543 0.0076095269864456007 0.034543301529811957 52.82500076293946 0.77686698911136365 0.026285368968395704 -0.015273997717127648 0.0050003555605411506 19.57499980926514 0.73136227047769609 0.035560062756050261 -0.090607032907027443 -0.067210428670469835 -0.0019068510574232996 -0.035156323512416841 -0.045887421484966044 -0.0049915266551795994 0.0099286585050837508 29.96475014686585 -1.0995801428949432 1.0000000180025095e-35 0.0015712112961513002 46.255999755859385 -0.025267346848347246 0.057920397661039701 44.754999160766609 -0.010469201431263649 0.0028054987804602503 2.4609907791724379 0.10441699459736406 0.040254765800016357 1.6853663413989159 0.0098768219463960024 0.0038505639269557504 0.015363870356066402 0.86968857744263017 421.51999740600593 18.370616768918925 0.23667139223743491 -0.020862425489521098 -0.011500546509577199 35.244999885559089 0.012183422826431501 59.962472990872207 1.1273831917116015 -0.00046274934655399994 -0.037689546952275846 -0.019312576332373845 73.325750923156747 5.5000000000000009 36.375000000000007 0.11968919863338191 0.37628096625422036 -0.035997164194784895 1188.8750000000002 1449.5000000000002 0.0025818249646614505 -0.00052753690406234994 0.0028561831181918504 -0.051233290227685489 16.846251075291807 32.060098766136143 -0.0036292205412872497
decision_type=2 10 10 8 10 8 10 10 10 10 10 10 10 10 10 10 10 10 8 10 10 10 10 10 10 10 10 10 10 10 10 10 10 10 10 10 10 10 10 10 10 10 10 10 10 10 10 10 10 10 10 10 2 10 10 10 10 8 10 10 10 10 10 10 10 10 2 8 10 10 8 10 10 10 10 10 10 10 8 10
left_child=-1 2 3 -2 -5 6 7 8 12 -10 -7 70 26 -14 15 16 -8 -17 20 21 27 22 23 -20 65 69 -6 28 35 30 -30 -31 -29 -34 62 -19 37 -33 39 43 -40 42 44 61 45 46 47 48 71 50 -50 52 -45 54 -54 68 -57 76 63 -27 -21 -38 -35 -59 -65 66 -25 -32 -55 -26 -12 -42 -73 -46 -75 -48 -58 -53 -78 -66
right_child=1 -3 -4 4 5 10 14 -9 9 -11 11 -13 13 -15 -16 17 -18 18 19 60 -22 -23 -24 24 25 59 -28 32 29 31 67 36 33 34 -36 -37 38 -39 40 -41 41 -43 -44 51 73 -47 75 -49 49 -51 -52 77 53 55 -56 56 57 58 -60 -61 -62 -63 -64 64 79 -67 -68 -69 -70 -71 -72 72 -74 74 -76 -77 78 -79 -80 -81
leaf_value=0.0012642548926787536 -0.00089670030285917519 -0.0014192189192213495 0.00072156276104057109 0.00071971670216143958 -0.001115488499379647 -0.0002063989104574788 -0.00091047593724079365 -0.0010137894031729733 0.0008849729005945444 -0.00025732222662038591 -9.223568167303551e-05 0.0010544450481789511 0.00038335042577664649 -0.00045913427397503682 -0.00057653866469596334 0.00048929225435061262 3.0263798482672402e-05 5.278235559482937e-05 -0.00029918167843627882 -0.00025397418153275906 0.00061794299445504317 -0.00060119259744846685 -0.00044292316070447996 0.00086753019506137844 -0.00057624748135420281 -4.4581038535670225e-05 -0.00031668735966752641 0.00032841868304146684 0.00093011897937452642 -0.00039998572327776873 -0.00014158497590059717 -7.6324519996961475e-05 -0.00076134498548227354 -0.00023997677622626825 -0.00049609663387378356 -0.00057986427194911766 0.00076276217927078902 0.00070050073796670506 0.00034486330196646344 0.00060824805878053321 0.00035525542382034488 0.00046132640083663414 -0.00067728534755040893 -0.00048616848997115407 0.00037360492080642838 0.00040711395430612237 -0.00072102495911477579 0.00030608175151301841 -0.00097622375645665819 5.3073621354432445e-06 -0.00026032512746172119 0.00052338977009388219 0.00084658981160915978 -9.0432346441595603e-05 -7.4398939814818514e-06 0.00058180788960451727 -0.00011399927017126172 0.00042797855502056789 -0.00055681842560769247 0.00067227165651648267 -0.0009383591023013403 0.00010988399184491729 0.00034860643717674858 -0.00037014354076472144 -6.6037477968619875e-05 7.0352353653861465e-05 0.00029483750334992001 0.00048252495082964149 -0.00069479544134178181 -1.7379250401844331e-05 0.00041445071293782468 -0.00047138487899766907 0.00013651534977758654 0.00026773269714856182 -0.00035469024624768967 -0.00022614154038568462 0.00017100646086859567 3.7655637736843055e-05 0.00056446690452017915 0.00028924157188428844
leaf_weight=66 59 77 81 54 50 87 58 53 50 56 64 63 49 63 58 96 80 65 92 56 63 58 90 58 58 50 49 52 56 81 50 63 61 65 70 77 56 81 81 61 50 49 50 59 83 60 86 61 59 53 52 88 51 61 57 58 49 50 67 51 52 58 71 89 49 66 65 52 49 69 81 50 62 49 51 50 67 49 58 49
leaf_count=66 59 77 81 54 50 87 58 53 50 56 64 63 49 63 58 96 80 65 92 56 63 58 90 58 58 50 49 52 56 81 50 63 61 65 70 77 56 81 81 61 50 49 50 59 83 60 86 61 59 53 52 88 51 61 57 58 49 50 67 51 52 58 71 89 49 66 65 52 49 69 81 50 62 49 51 50 67 49 58 49
internal_value=-4.25593e-06 -2.1098e-05 8.99455e-07 -1.12289e-05 -2.39657e-07 -8.5115e-06 -2.63666e-05 -0.000284664 -0.00016276 0.000281496 0.000258104 0.000452392 -0.00038594 -9.05472e-05 -2.68133e-06 5.68773e-06 -0.00036512 1.90171e-05 6.95552e-06 -0.000122503 4.02112e-05 -4.67234e-05 6.96482e-06 8.65128e-05 0.000171606 -1.12488e-05 -0.000720122 2.77251e-05 5.22947e-05 7.21173e-05 0.000443663 4.65492e-05 -0.000172221 -0.000269724 -0.000124147 -0.000290273 6.28785e-05 0.00036064 4.21747e-05 0.000127149 -5.88786e-05 -9.66857e-05 -0.000130194 9.95675e-05 -9.44828e-05 -0.000168804 -0.000234875 -0.00012797 -0.000209188 -0.000432029 -0.000640848 5.98441e-05 1.10067e-05 4.99103e-05 0.000395852 -7.92512e-06 6.4257e-05 1.45788e-06 -0.000124716 0.000317394 -0.000583493 0.000430596 6.72983e-05 -2.56053e-06 -0.000117678 0.000392193 0.000564888 0.000176589 -0.000359649 -0.00027261 0.00019081 1.64042e-05 -0.000134869 0.000142289 -4.9703e-05 -0.000539083 0.0002219 0.00034966 0.000353572 0.000111602
internal_weight=5037 4971 4894 4813 4754 4700 4405 370 317 106 295 208 211 112 4035 3977 138 3839 3743 765 2978 657 599 509 417 228 99 2915 2596 2454 158 2296 319 267 206 142 2215 144 2071 1125 946 865 816 1064 766 583 523 387 326 164 111 950 813 754 108 646 536 478 304 101 108 114 136 237 187 189 123 102 110 127 145 162 112 183 100 136 174 137 125 98
internal_count=5037 4971 4894 4813 4754 4700 4405 370 317 106 295 208 211 112 4035 3977 138 3839 3743 765 2978 657 599 509 417 228 99 2915 2596 2454 158 2296 319 267 206 142 2215 144 2071 1125 946 865 816 1064 766 583 523 387 326 164 111 950 813 754 108 646 536 478 304 101 108 114 136 237 187 189 123 102 110 127 145 162 112 183 100 136 174 137 125 98
is_linear=0
shrinkage=0.0663821


Tree=5
num_leaves=80
num_cat=0
split_feature=2 65 45 33 69 9 5 22 60 76 34 9 66 20 84 63 49 33 20 69 57 72 67 43 17 34 64 6 70 46 38 59 13 79 17 31 35 78 78 48 34 31 68 76 76 23 8 75 36 10 6 27 74 65 19 60 79 33 57 85 35 75 26 36 84 81 73 36 73 33 11 7 73 37 21 34 60 17 65
split_gain=0.0212862 0.0309411 0.00872821 0.00766996 0.0148981 0.00711509 0.00610977 0.00538186 0.00550293 0.00417876 0.00412643 0.0037691 0.003928 0.00378015 0.00526276 0.00366229 0.00499359 0.00359579 0.00354423 0.0103131 0.00711649 0.00401758 0.00477489 0.00515145 0.00440458 0.00377935 0.00364485 0.00475674 0.00608376 0.00426813 0.00464707 0.00412212 0.00339236 0.0036273 0.00325954 0.00315695 0.0044798 0.00373073 0.00304406 0.00299308 0.00348209 0.00290693 0.0028406 0.00283995 0.00497896 0.00283271 0.00283238 0.00353141 0.00427986 0.00278814 0.00274614 0.00273924 0.00270979 0.00267245 0.00248075 0.00246758 0.00242807 0.00232651 0.0024713 0.00226514 0.00380164 0.00388017 0.00220008 0.00207358 0.00204773 0.00204509 0.0020227 0.00272365 0.00226129 0.00199541 0.00240629 0.00275347 0.0023633 0.00171434 0.00163198 0.00164984 0.00144254 0.00136658 0.000856819
threshold=20.319999694824222 4.9020627273822628 -0.030065580467259895 0.021690589741865853 36.356086899170627 -3.9677515071796701 -0.049286940407947295 34.369487683208781 0.029796881286598003 -0.13400374805958537 0.005852690804901751 3.283921079075768 8.169599487451654 -0.063162720964337046 1.5000000000000002 0.028232817600899452 -0.00038756016363659994 0.016698425863825604 0.0011904432007145502 52.67607980246914 54.024999618530281 18.134999275207523 0.60536840360843269 3924.7500000000005 -0.0042725547076476493 0.014816404916139751 54.997015025373081 -0.020424760004830896 22.554999351501468 0.0039674705379034508 2.7127058904733321 -0.041477093414563994 44.928036804610961 0.62886199205877358 -0.0010448141229588998 -0.0044332975615031496 -0.0046650140885975992 54.184981096455374 45.468064057955125 -0.015557785768994697 -0.006346162776203949 -0.0044332975615031496 39.590000057220465 -0.070240135018136127 -0.044148737090249544 -0.014797291681547498 54.904057901869656 1.0000000180025095e-35 60.112533426363889 2.2486009362281321 0.00064712381520000016 2.5695804697821019 -0.037689546952275846 -0.63355629704381922 -1.0000000180025095e-35 -1.0000000180025095e-35 -0.26985173257364886 -0.0034372656713831497 39.904998779296882 9.5000000000000018 -0.0037188351551861996 0.014240816286661151 2.9826500058174141 51.635150818272429 1.5000000000000002 0.34387302136466719 -0.033622960794860747 67.256642817908073 0.012392747797910051 -0.00078266121105514984 0.40666774886280505 -0.0036622154130516995 -0.0041719094306317496 12.746708453826729 -0.01129765371209455 0.0011153245496144501 -0.036031461490438343 -0.0058749635054055989 -1.137308865509947
decision_type=2 10 8 10 10 8 8 10 10 8 10 8 10 10 2 8 10 10 10 10 10 8 10 8 10 8 10 10 10 10 10 8 10 10 10 10 10 10 10 10 10 10 10 10 10 10 10 10 10 2 10 10 10 10 10 8 10 10 8 2 10 10 10 10 2 10 10 10 10 10 10 10 10 10 10 10 10 10 10
left_child=-1 2 -2 5 -5 -4 -7 8 10 -9 15 12 13 14 -11 42 -17 18 19 26 21 25 23 39 -24 32 29 -28 38 35 -31 -32 63 51 52 36 -15 50 -29 -23 -41 -42 -8 -37 -45 -19 59 48 78 74 -38 73 53 -33 -40 62 -49 58 -57 60 -46 64 65 -20 -62 -53 -43 68 -68 -59 -71 -72 -73 -34 -36 -76 -64 -78 -48
right_child=1 -3 3 4 -6 6 7 9 -10 11 -12 -13 -14 17 -16 16 -18 45 20 -21 -22 22 24 -25 -26 -27 27 28 -30 30 31 34 33 -35 49 43 37 -39 54 40 41 66 -44 44 46 -47 47 56 -50 -51 -52 55 -54 -55 -56 57 -58 69 -60 -61 61 -63 76 -65 -66 -67 67 -69 -70 70 71 72 -74 -75 75 -77 77 -79 -80
leaf_value=0.0011803310497044146 -0.00075194153682792478 -0.0013762756688918132 -0.00078900355060909178 -0.00020619935595994336 0.0013986312252272459 0.00061386713318636247 0.00027117334955839388 -0.00058801531693877004 0.0008889297144676143 -0.00084575475540443236 -0.00030615287107498647 -0.00044071832350390074 0.00045414358602122911 0.00085572651807841818 -8.8500974459499857e-06 0.00095355642452583835 6.3502670281065382e-05 -0.00073563753792011007 5.5593371558079414e-07 0.00096883279638082141 -0.00070290989569206429 -0.00037265944808621685 -8.6410400478655578e-07 -0.00053549067634948045 0.00078754756885923791 -0.00056259054838802582 0.00034170254330620459 -0.00055341441641411793 -0.00094330206727204029 -0.00068140582864550567 -0.00053340175049715658 0.00042543582242740525 -0.00056151522755606986 -0.00058398929265076997 0.00039819536761283048 0.00051015741041073872 0.00067542721340651288 -0.00027462806791298417 0.00037770556528385189 0.00057567331176486746 0.0003966282533604955 0.00029231110663685068 -0.00036219612773001934 -0.00043603577816809505 -6.9605605921775585e-05 -8.7126672892181434e-05 0.00066115906622046415 -0.00057061393549906003 -0.00020480271082462377 0.00068236334608710869 2.9362912259877056e-05 5.8288755914194237e-05 -0.00046317507632561713 -0.00026103571499440056 -0.0002629314639808237 -0.00066972196719932526 -2.4040483369944223e-05 0.00028309753492806783 -5.1435040390129885e-05 -1.3303835547553194e-05 0.00059796271708474733 0.00094986322329869909 -0.00030478567188351444 0.00056263094849793151 2.6588027075439842e-05 0.00055881076524780542 -0.00059498039915064597 0.00027144807166892886 -6.2583211748326806e-05 0.00017417152941971291 -0.00065270373275374421 -0.00040078626536249563 0.00018273086669431178 -9.7165888441410239e-05 -0.00027598737137296574 0.00023954585316740529 -0.00019882386302037193 0.00023948510762097249 0.00027056134089874608
leaf_weight=66 67 73 50 52 50 72 83 57 50 57 71 90 80 63 79 61 51 51 61 55 72 54 53 66 76 74 60 49 53 50 57 49 76 67 58 68 69 51 57 71 86 58 50 79 64 71 50 63 72 49 50 74 70 51 50 63 83 66 52 97 52 62 62 55 59 70 64 49 78 81 55 57 66 65 59 51 49 87 49
leaf_count=66 67 73 50 52 50 72 83 57 50 57 71 90 80 63 79 61 51 51 61 55 72 54 53 66 76 74 60 49 53 50 57 49 76 67 58 68 69 51 57 71 86 58 50 79 64 71 50 63 72 49 50 74 70 51 50 63 83 66 52 97 52 62 62 55 59 70 64 49 78 81 55 57 66 65 59 51 49 87 49
internal_value=-3.97341e-06 -1.96974e-05 5.21073e-07 1.09568e-05 0.000580482 -1.32732e-06 7.08982e-06 -2.39313e-06 0.000241838 -2.34704e-05 0.00013945 -1.57794e-05 -6.43782e-06 -1.56173e-05 -0.000359612 0.000268584 0.000548264 -3.55357e-06 7.96666e-06 7.34538e-05 -5.55287e-05 -3.01274e-05 0.000101709 1.29498e-05 0.000463626 -0.000103308 4.60035e-05 -0.000179284 -0.00032885 8.57428e-05 -7.46927e-05 -6.36915e-06 -7.25781e-05 -0.000112374 7.12558e-05 0.000162615 0.000377585 0.000200392 -0.000120094 9.16391e-05 0.000153393 6.38949e-05 3.30645e-05 9.98478e-05 6.16272e-05 -0.000358225 0.000122019 -2.01084e-05 0.000184618 0.000241773 0.000403972 -7.81395e-05 -0.000146404 7.53353e-05 7.83425e-05 -2.95803e-05 -0.000259891 -0.000133541 -0.000390149 0.000256913 0.000367509 0.000529215 0.00010417 0.000267057 0.000294259 0.000301598 -5.1025e-05 -0.000155284 -0.000302537 -4.27414e-05 -0.000125774 -0.000262266 -8.76795e-05 -0.000347453 0.000113267 -3.69674e-05 -3.94135e-05 8.1565e-05 0.000467833
internal_weight=5037 4971 4898 4831 102 4729 4679 4607 366 4241 316 4184 4094 4014 136 245 112 3878 3756 1849 1907 1835 655 526 129 1180 1794 269 209 1525 494 444 1106 990 387 1031 233 170 156 460 406 335 133 798 730 122 651 317 171 217 119 923 170 100 107 782 146 440 115 334 237 173 342 116 111 144 249 191 142 325 259 178 123 141 168 110 198 136 99
internal_count=5037 4971 4898 4831 102 4729 4679 4607 366 4241 316 4184 4094 4014 136 245 112 3878 3756 1849 1907 1835 655 526 129 1180 1794 269 209 1525 494 444 1106 990 387 1031 233 170 156 460 406 335 133 798 730 122 651 317 171 217 119 923 170 100 107 782 146 440 115 334 237 173 342 116 111 144 249 191 142 325 259 178 123 141 168 110 198 136 99
is_linear=0
shrinkage=0.0663821


Tree=6
num_leaves=79
num_cat=0
split_feature=2 80 44 45 9 57 56 56 20 24 4 1 14 31 5 12 61 17 24 65 34 67 56 31 10 76 77 22 56 18 61 28 53 78 78 75 18 51 46 56 60 10 44 49 73 18 39 39 64 85 74 18 81 20 17 74 64 45 77 3 3 20 39 62 21 49 72 67 23 3 48 4 62 75 72 10 0 67
split_gain=0.0185539 0.0278332 0.0103988 0.00897499 0.00690711 0.00799304 0.0044116 0.00735222 0.00891342 0.00365057 0.0055535 0.00632607 0.0041349 0.0043542 0.00491551 0.00380331 0.00422793 0.00352857 0.00386698 0.0034161 0.00320031 0.00392418 0.00359163 0.00474396 0.00309657 0.00302647 0.00322033 0.00457576 0.00468078 0.00443443 0.00468445 0.0031915 0.00593521 0.00553532 0.00588809 0.00501006 0.00382716 0.00372477 0.00463632 0.00367939 0.00384028 0.00306073 0.00300179 0.00287401 0.00285781 0.00277301 0.00268151 0.00266496 0.00270203 0.00247633 0.00272403 0.00306494 0.00391788 0.00255169 0.00260469 0.00322606 0.00246427 0.00248539 0.00239963 0.00239289 0.00258665 0.00237875 0.00217924 0.00214353 0.00199327 0.00189692 0.00170162 0.00169702 0.00161047 0.00156511 0.00187333 0.00354336 0.00153076 0.00145756 0.00111848 0.00110461 0.000812971 0.00062903
threshold=20.319999694824222 6.1449351249640829 805.87500000000011 -0.030065580467259895 3.6887422362760316 67.315002441406264 57.194999694824226 52.469999313354499 0.0027045017868298506 0.5188582511096741 0.005544087156314101 60.519998550415046 5.1300001144409189 0.0011147030333138002 -0.017307915647980499 52.188749790191657 -0.014973941212065248 -0.019815487419834295 0.36852176036129752 -0.31138391424823902 -0.0075006026030375993 1.0629128380841431 32.914999008178718 0.0023503060456259504 1.9363846368721054 0.10884922921470595 0.083145081044351019 36.119216714142709 38.694999694824226 -0.014329121350782499 -0.019675247364332547 1228.100036621094 0.50666799254577788 55.814476639997231 49.961387637054393 0.011627895962725452 0.004792476448181501 14.69366870625902 0.0052812726395916011 41.995000839233406 0.011101585685393251 1.9718410092325291 1317.1250000000002 0.0071768462461645009 -0.05713665567170529 0.004792476448181501 0.49076588136285831 0.67983599643743553 36.753836578988505 3.5000000000000004 0.039408351451600453 0.012934082875647752 0.62404630668980787 0.032115545484407405 -0.016049102802075346 -0.029058465185971095 52.64363725101952 -0.0056962208485676997 -0.05402894069765244 -0.0045045097534028491 0.006153837400537601 0.0066411076979639517 0.60528273968907809 0.031950070345124156 0.017361526027797555 0.0011301031444613501 14.055000305175783 0.56775481368949421 -0.064286227153274436 0.018042519532628202 0.0037156064140356003 -0.0060249411590520994 -0.00066562782516139984 -0.033726799223036195 14.694999694824221 1.8717222330515293 69.165000915527358 0.35012508993751351
decision_type=2 10 10 10 8 10 10 10 10 10 10 2 10 10 10 10 8 10 10 10 8 10 10 10 2 8 10 10 10 10 10 10 8 10 10 10 10 10 10 10 10 2 10 10 10 10 10 10 10 2 10 10 10 10 10 10 10 10 10 10 10 10 10 10 10 10 10 10 10 10 10 10 10 10 10 2 2 10
left_child=-1 2 -2 -4 5 6 7 9 -9 12 11 -11 20 14 -14 45 -17 -18 -19 43 22 25 64 24 -24 26 27 28 47 -28 -31 32 33 34 -29 37 -37 38 41 49 -41 -34 -12 59 -27 -16 -25 48 -22 58 53 52 -52 54 55 -51 57 -56 -33 -15 -61 -13 77 -46 68 66 -62 -21 -5 70 71 -59 -70 -73 -64 -72 -75 -60
right_child=1 -3 3 4 -6 -7 -8 8 -10 10 42 61 13 19 15 16 17 18 -20 67 21 -23 23 46 -26 44 29 31 -30 30 -32 39 35 -35 -36 36 -38 -39 -40 40 -42 -43 -44 -45 63 -47 -48 -49 -50 50 51 -53 -54 -55 56 -57 -58 69 62 60 65 -63 74 -65 -66 -67 -68 -69 72 -71 75 73 -74 76 -76 -77 -78 -79
leaf_value=0.0011019782205045827 0.00095373190733958105 -0.0012706575191120191 -0.00080206842879030021 0.00031444994741333323 -0.00073113316495622828 0.00067687125541481897 -0.00058113457215727465 0.0010517343360870331 -0.00013117217994752813 0.00054404076448176823 -0.00022378622501190412 -1.5337145628300792e-05 0.00069767814721151541 0.0003238075320534806 0.00065534761056558607 0.0005254495567730376 -0.00057501445470656254 0.00029617094457823448 -0.00038900595071745593 0.00053520678771896697 0.00065224902809494286 -0.00051740939438175363 0.00015721960760036602 0.00031574534712474001 0.00081557946815229241 0.0005708031990417471 -0.00077302749306106899 -0.00030034053989437445 0.00076411686579419102 0.00027746412740288837 -0.00043996864079395685 -0.00024906486213141358 -7.2941187922533957e-05 -2.5078225565889883e-05 -0.0011804073543029744 0.00070304415008606673 -7.7322432413089509e-05 -0.00058264510055773056 -0.00054147445592893806 4.1738943646232002e-05 0.00078284747799042234 0.00059487486029419169 -0.0009076907429705056 -0.00054347131397692217 -0.00030553730507564664 8.2215536791302907e-05 -0.00037525009515694058 -0.00022533753207091918 1.1394603671655783e-05 -0.00057769515351239976 -0.00014853024237327397 3.1887544252023347e-05 -0.00084852511676677251 -0.00036061307522930995 0.00058507433970898348 2.3899242995643422e-05 -0.00024728635162814283 -0.00036477654355207106 0.00016680334464459849 -0.00049611191592409593 0.00014593600513380868 -0.00064354680301568665 0.0002443883109726741 0.00030926018320126016 -0.00041198956179071088 0.00031095880594504525 -0.00034687239468700679 2.8670615510706024e-05 9.6835454526133261e-05 0.00042970218541728825 -0.0004230194207022576 0.00057636366497899644 -0.00036969253347996964 0.00032635914894220045 0.00066062210679194294 9.7417668402908267e-06 -2.1137422733279188e-06 -0.00016955579491270003
leaf_weight=66 50 77 62 67 56 78 57 64 50 61 52 58 93 65 93 56 56 97 58 62 49 79 50 49 85 66 63 67 56 73 89 59 79 74 67 58 53 79 56 83 49 49 62 58 49 62 50 78 71 68 72 76 69 97 49 93 87 49 49 63 52 49 66 51 52 58 76 55 79 50 51 50 51 64 50 53 69 49
leaf_count=66 50 77 62 67 56 78 57 64 50 61 52 58 93 65 93 56 56 97 58 62 49 79 50 49 85 66 63 67 56 73 89 59 79 74 67 58 53 79 56 83 49 49 62 58 49 62 50 78 71 68 72 76 69 97 49 93 87 49 49 63 52 49 66 51 52 58 76 55 79 50 51 50 51 64 50 53 69 49
internal_value=-3.70965e-06 -1.83899e-05 1.31275e-06 -8.51817e-06 1.77044e-06 1.04549e-05 -7.28544e-07 6.47754e-06 0.000532916 -6.9274e-06 -0.000238123 4.54248e-06 8.6142e-06 0.000126108 0.000260814 0.000164539 1.26989e-05 -0.000123387 3.97822e-05 -1.57612e-05 -2.83534e-05 -5.64292e-05 0.000129057 0.000315787 0.000571742 -4.2577e-05 -6.10673e-05 -3.69999e-05 0.000228281 -0.000300458 -0.000116681 -7.09623e-05 -0.000201637 -0.000485894 -0.000740374 -4.35469e-05 0.000330437 -0.000201388 -3.7696e-05 -1.67166e-05 0.000316847 0.000182707 -0.000595734 -0.000114158 0.000231771 0.000426095 -3.32422e-05 7.67318e-05 0.000273077 -5.13863e-05 -9.98913e-05 -0.000307921 -0.000491081 -4.20163e-05 3.23103e-06 -0.00023019 7.5225e-05 0.000139727 0.000125755 -3.48585e-05 -0.000128486 -0.000303022 0.000229093 8.00941e-06 -4.64242e-05 -3.96784e-06 -0.000146669 0.000297091 5.00702e-05 8.31935e-05 3.16297e-05 0.000136574 -8.61871e-05 0.000270816 0.000423799 -0.000202478 0.000155948 -1.37622e-06
internal_weight=5037 4971 4894 4844 4782 4726 4648 4591 114 4477 282 168 4195 1004 515 422 267 211 155 489 3191 2708 483 234 135 2629 2463 2238 254 225 162 1984 582 208 134 374 111 263 184 1402 132 128 114 372 166 155 99 198 120 1270 997 217 141 780 683 161 522 435 273 314 249 107 214 100 249 186 128 117 197 386 336 232 130 183 116 104 133 98
internal_count=5037 4971 4894 4844 4782 4726 4648 4591 114 4477 282 168 4195 1004 515 422 267 211 155 489 3191 2708 483 234 135 2629 2463 2238 254 225 162 1984 582 208 134 374 111 263 184 1402 132 128 114 372 166 155 99 198 120 1270 997 217 141 780 683 161 522 435 273 314 249 107 214 100 249 186 128 117 197 386 336 232 130 183 116 104 133 98
is_linear=0
shrinkage=0.0663821


Tree=7
num_leaves=80
num_cat=0
split_feature=68 65 44 55 45 65 58 56 85 10 58 4 50 19 17 39 77 77 42 65 31 46 35 50 74 74 50 3 67 46 30 35 51 3 6 3 1 71 9 49 14 73 82 35 34 34 75 31 51 77 56 1 3 7 67 39 5 17 38 16 41 34 10 0 58 25 25 10 48 79 0 5 8 19 71 48 19 82 7
split_gain=0.0163032 0.0149614 0.00738995 0.0101302 0.00961322 0.00634063 0.00562839 0.0138406 0.00377417 0.00499221 0.00461755 0.0058691 0.0049189 0.00590495 0.00466109 0.00418396 0.00536278 0.0043038 0.00399435 0.00387538 0.00917582 0.00448193 0.00391132 0.00368444 0.00367592 0.00366562 0.00497544 0.00457931 0.00345367 0.00344278 0.00478491 0.00312394 0.0033128 0.00291539 0.00396251 0.00468748 0.00315323 0.00327972 0.00298892 0.00428415 0.00402537 0.00287603 0.00284661 0.00280491 0.00275834 0.00267763 0.00263353 0.00318211 0.00245483 0.00244088 0.00220117 0.00229181 0.00269827 0.00214775 0.00207566 0.00198701 0.00305947 0.00238277 0.00209563 0.00193155 0.00243615 0.00210381 0.00270977 0.00208283 0.00219398 0.00211451 0.0024797 0.00189359 0.00174212 0.0016798 0.00148189 0.00144743 0.00141394 0.001275 0.00127166 0.00147229 0.00107579 0.00110636 0.000934372
threshold=85.457500076293954 4.9020627273822628 805.87500000000011 848.27380505670033 -0.030065580467259895 3.9094680955444194 54.704999923706062 52.469999313354499 6.5000000000000009 3.8932767067189551 37.194999694824226 -0.015595306975517099 50.037971599647371 -0.018649509892662345 0.010368783489589452 0.8653439569153315 0.040961096224336607 -0.029089569363987596 1318.1250000000002 0.91064082483701203 -0.0060777669005028989 -0.0068876601273420495 0.0068936949274277012 49.745224588716603 0.00075478291301950013 0.010538799929356302 58.835525290516273 -0.00083100971128619993 0.76445011256148721 0.0036942759851735503 311.89999389648443 0.0037787191424903002 -6.1968621575437046 -0.030074163376232897 -0.022407809635892995 0.0053622893717086006 60.795000076293952 21.775000572204593 -0.30271525294369178 -0.0010919017650059496 5.0985000133514413 -0.012477964699745499 20.49924998283387 0.004055026959618401 0.00070692980818230008 0.0094837920912124521 0.054457425024948158 0.0022585943084752506 31.121779759396535 0.015911324912245204 30.295000076293949 66.264999389648452 0.0086217149613013518 -0.0021817641924103998 0.19405504232680484 0.73633510311526951 -0.0072265144167399488 0.022095790607777051 14.078849001354314 2.7474999427795415 1492.4051433426384 -0.0067149372678101992 2.5130037144741597 59.480001449584968 34.625000000000007 0.7728375927431449 0.41728399431125945 1.8239188505136481 0.0019703511876458003 -0.30204663747167076 79.055000305175795 -0.0096959944176124475 51.918016209657878 -0.0034349578983328996 14.194999694824221 0.0015499418334285503 -0.0062032123285604987 16.070999979972843 0.0029852247794849005
decision_type=10 10 10 10 10 10 10 10 2 2 10 10 10 10 10 10 10 10 10 10 10 10 10 10 10 10 10 10 10 10 10 10 10 10 10 10 2 8 10 10 10 10 10 10 10 10 10 10 10 10 8 2 10 10 10 10 10 10 10 10 10 10 2 2 8 10 10 2 10 10 2 10 10 10 10 10 10 10 10
left_child=1 2 -1 -4 -5 6 7 8 10 19 15 42 24 -14 -15 28 17 18 -17 22 -21 -22 29 -23 -13 26 72 -27 33 31 -31 32 49 -6 35 -35 38 50 40 44 -36 -33 -12 69 -40 67 59 -48 55 -10 71 -52 70 -30 -28 57 -57 58 73 60 -34 -61 63 65 76 66 -63 -19 -43 -41 -53 -38 -24 -32 78 -76 -65 -78 -73
right_child=-2 -3 3 4 5 -7 -8 -9 9 -11 11 12 13 14 -16 16 -18 45 -20 20 21 23 25 -25 -26 27 54 -29 53 30 48 41 46 34 36 -37 37 -39 39 43 -42 68 -44 -45 -46 -47 47 -49 -50 -51 51 52 -54 -55 -56 56 -58 -59 -60 61 -62 62 -64 64 -66 -67 -68 -69 -70 -71 -72 74 -74 -75 75 -77 77 -79 -80
leaf_value=0.00076962465869173029 0.0011546530895068636 -0.0010241946790008642 -0.00096088175586671407 -0.00086624461801725094 0.00055713300997835985 0.00074479431344430763 -0.00056225552825524912 0.00080297292504719813 0.00059540197768285044 -0.00058000168786398183 0.0010372239091383697 0.0001823308713921712 0.00092216594912745129 0.00041957213020469891 -0.00041009568690379044 -0.00083920956633049795 -0.00068471007491317218 0.00045369521581006464 -1.8525088115761662e-05 0.00052302019375831323 -0.0010333137918106343 5.0313064481552067e-05 0.00049280165589400888 -0.00058470726903305415 -0.0005428888759776094 -0.00081857723996499234 -0.00048506700929210652 -0.00012786310962999316 -0.00056091851259560538 -0.00067418069997914119 -0.00017410024872023395 3.8507426665239532e-05 -1.7950935969239443e-05 -0.00065587685053119236 0.00018412959024657031 0.00017527186162601011 0.0004172494992387182 0.00046936362556280347 0.00015955990546261966 0.00042454717500518184 0.0010013395892752523 0.0003174626590594752 0.00033923822085581509 0.00078382162244918592 -0.00043860745372233936 -0.0002851248475992462 -0.00065394385508911533 6.7204581014977492e-05 -0.00038240082192341461 3.4845649624419886e-05 -0.00055542725101099101 0.00030921080259022245 -0.00039504523456105993 -2.6046182664235227e-05 6.6458366314754593e-07 0.00065474212440193779 6.5877497035785549e-06 0.00030384470612901095 5.9593859788402736e-05 -0.00030809403423415584 0.00055472813106247781 1.8512217667471817e-05 0.00051452031328119198 0.00023264843479239974 -0.00050496071190223783 -0.00016949034191342778 0.00067976438701006301 -5.7175398084502815e-05 0.00086624943438930635 -3.2492032665837889e-05 -0.00016272022316876592 0.00033387054239607554 2.7428227683083019e-05 -0.00062972607078123845 -0.00031289477771587377 9.9026816499931845e-05 -0.00032198281976395768 0.00010006929994857927 -2.9293533020041904e-05
leaf_weight=54 53 64 49 56 58 51 77 95 78 80 52 57 53 74 50 49 76 92 56 50 49 71 66 93 67 75 92 97 58 58 59 72 64 67 58 54 49 65 70 74 49 52 51 50 66 51 56 52 75 61 55 73 71 77 67 49 93 55 83 87 67 49 49 51 55 51 51 49 50 68 49 74 51 50 75 78 62 49 54
leaf_count=54 53 64 49 56 58 51 77 95 78 80 52 57 53 74 50 49 76 92 56 50 49 71 66 93 67 75 92 97 58 58 59 72 64 67 58 54 49 65 70 74 49 52 51 50 66 51 56 52 75 61 55 73 71 77 67 49 93 55 83 87 67 49 49 51 55 51 51 49 50 68 49 74 51 50 75 78 62 49 54
internal_value=-3.46339e-06 -1.57788e-05 -2.66123e-06 -1.12316e-05 -1.57147e-06 8.59902e-06 6.27474e-07 9.98253e-06 -6.61819e-06 -6.45446e-05 5.66495e-05 0.000259095 0.000111089 0.000335697 8.50286e-05 1.03107e-05 -0.00018713 -5.98036e-05 -0.000401511 -4.65295e-05 -0.000286262 -0.000476234 -1.54092e-05 -0.00030979 -0.000209522 -0.000188513 -3.86155e-05 -0.000429047 6.32169e-05 3.37356e-05 -0.000105724 0.000102673 5.19611e-05 9.74835e-05 7.52486e-05 -0.000284951 0.000115679 2.22983e-05 0.000253711 0.000154327 0.000558366 0.00035973 0.000691619 0.00035624 -0.000130727 0.000127068 -3.684e-06 -0.000306724 -3.4667e-05 0.000349402 -2.79772e-05 -0.00017741 -6.96845e-05 -0.000255843 -0.000280388 3.23768e-05 0.000230247 -8.13784e-05 -0.000191729 4.78567e-05 0.000274946 -1.11685e-05 5.078e-05 -1.0968e-05 -0.000142706 0.000178351 0.000355751 0.000276159 0.000586476 0.000205683 0.000119665 8.43236e-05 0.000289947 -0.000383103 2.62689e-05 -0.000102896 -1.97189e-05 -0.000135672 0.000180661
internal_weight=5037 4984 4920 4866 4817 4761 4710 4633 4538 2369 2169 404 301 177 124 1765 373 297 105 2289 263 213 2026 164 124 448 276 172 1392 1578 522 1056 882 1257 1199 121 1078 643 435 328 107 174 103 192 136 192 743 108 464 139 578 248 193 135 159 389 142 247 192 635 131 504 417 368 217 151 100 141 102 142 122 330 117 109 281 153 162 111 128
internal_count=5037 4984 4920 4866 4817 4761 4710 4633 4538 2369 2169 404 301 177 124 1765 373 297 105 2289 263 213 2026 164 124 448 276 172 1392 1578 522 1056 882 1257 1199 121 1078 643 435 328 107 174 103 192 136 192 743 108 464 139 578 248 193 135 159 389 142 247 192 635 131 504 417 368 217 151 100 141 102 142 122 330 117 109 281 153 162 111 128
is_linear=0
shrinkage=0.0663821


end of trees

feature_importances:
GCF_return_lag_5=16
GCF_log_return=15
ESF_return_lag_5=15
CLF_return_lag_1=14
OVX_macd=14
CLF_return_lag_5=13
NGF_macd=13
OVX_close=13
VIX_return_lag_3=13
VIX_rsi=13
CLF_log_return=12
CLF_macd=12
NGF_return_lag_2=12
GCF_return_lag_2=12
GCF_rsi=12
ESF_return_lag_2=12
NGF_return_lag_3=11
NGF_return_lag_5=11
GCF_return_lag_3=11
GCF_bollinger_pband=11
ESF_log_return=11
ESF_macd=11
VIX_return_lag_1=11
CLF_return_lag_3=10
CLF_atr=10
NGF_log_return=10
VIX_return_lag_5=10
CLF_return_lag_2=9
CLF_rsi=9
ESF_return_lag_1=9
ESF_return_lag_3=9
OVX_rsi=9
CLF_bollinger_pband=8
GCF_macd=8
OVX_return_lag_1=8
OVX_return_lag_2=8
OVX_return_lag_3=8
OVX_bollinger_pband=8
VIX_log_return=8
VIX_return_lag_2=8
NGF_return_lag_1=7
ESF_bollinger_pband=7
OVX_high=7
OVX_atr=7
OVX_sma_20=7
OVX_ema_12=7
VIX_bollinger_pband=7
CLF_close=6
CLF_high=6
CLF_low=6
GCF_return_lag_1=6
VIX_macd=6
CLF_sma_20=5
NGF_atr=5
NGF_bollinger_pband=5
GCF_high=5
ESF_close=5
VIX_low=5
VIX_atr=5
VIX_ema_12=5
NGF_rsi=4
GCF_atr=4
ESF_low=4
ESF_rsi=4
OVX_low=4
OVX_log_return=4
OVX_return_lag_5=4
dayofweek=4
month=4
NGF_close=3
NGF_sma_20=3
NGF_ema_12=3
ESF_high=3
VIX_high=3
VIX_sma_20=3
CLF_ema_12=2
NGF_low=2
GCF_close=2
GCF_sma_20=2
ESF_atr=2
VIX_close=2
GCF_low=1
GCF_ema_12=1
ESF_ema_12=1

parameters:
[boosting: gbdt]
[objective: regression]
[metric: rmse]
[tree_learner: serial]
[device_type: cpu]
[data_sample_strategy: bagging]
[data: ]
[valid: ]
[num_iterations: 8]
[learning_rate: 0.0663821]
[num_leaves: 107]
[num_threads: 0]
[seed: 42]
[deterministic: 0]
[force_col_wise: 0]
[force_row_wise: 0]
[histogram_pool_size: -1]
[max_depth: -1]
[min_data_in_leaf: 49]
[min_sum_hessian_in_leaf: 0.001]
[bagging_fraction: 0.80157]
[pos_bagging_fraction: 1]
[neg_bagging_fraction: 1]
[bagging_freq: 4]
[bagging_seed: 400]
[bagging_by_query: 0]
[feature_fraction: 0.831052]
[feature_fraction_bynode: 1]
[feature_fraction_seed: 30056]
[extra_trees: 0]
[extra_seed: 12879]
[early_stopping_round: 0]
[early_stopping_min_delta: 0]
[first_metric_only: 0]
[max_delta_step: 0]
[lambda_l1: 1.17051e-08]
[lambda_l2: 9.82938e-08]
[linear_lambda: 0]
[min_gain_to_split: 0]
[drop_rate: 0.1]
[max_drop: 50]
[skip_drop: 0.5]
[xgboost_dart_mode: 0]
[uniform_drop: 0]
[drop_seed: 17869]
[top_rate: 0.2]
[other_rate: 0.1]
[min_data_per_group: 100]
[max_cat_threshold: 32]
[cat_l2: 10]
[cat_smooth: 10]
[max_cat_to_onehot: 4]
[top_k: 20]
[monotone_constraints: ]
[monotone_constraints_method: basic]
[monotone_penalty: 0]
[feature_contri: ]
[forcedsplits_filename: ]
[refit_decay_rate: 0.9]
[cegb_tradeoff: 1]
[cegb_penalty_split: 0]
[cegb_penalty_feature_lazy: ]
[cegb_penalty_feature_coupled: ]
[path_smooth: 0]
[interaction_constraints: ]
[verbosity: -1]
[saved_feature_importance_type: 0]
[use_quantized_grad: 0]
[num_grad_quant_bins: 4]
[quant_train_renew_leaf: 0]
[stochastic_rounding: 1]
[linear_tree: 0]
[max_bin: 255]
[max_bin_by_feature: ]
[min_data_in_bin: 3]
[bin_construct_sample_cnt: 200000]
[data_random_seed: 175]
[is_enable_sparse: 1]
[enable_bundle: 1]
[use_missing: 1]
[zero_as_missing: 0]
[feature_pre_filter: 0]
[pre_partition: 0]
[two_round: 0]
[header: 0]
[label_column: ]
[weight_column: ]
[group_column: ]
[ignore_column: ]
[categorical_feature: ]
[forcedbins_filename: ]
[precise_float_parser: 0]
[parser_config_file: ]
[objective_seed: 16083]
[num_class: 1]
[is_unbalance: 0]
[scale_pos_weight: 1]
[sigmoid: 1]
[boost_from_average: 1]
[reg_sqrt: 0]
[alpha: 0.9]
[fair_c: 1]
[poisson_max_delta_step: 0.7]
[tweedie_variance_power: 1.5]
[lambdarank_truncation_level: 30]
[lambdarank_norm: 1]
[label_gain: ]
[lambdarank_position_bias_regularization: 0]
[eval_at: ]
[multi_error_top_k: 1]
[auc_mu_weights: ]
[num_machines: 1]
[local_listen_port: 12400]
[time_out: 120]
[machine_list_filename: ]
[machines: ]
[gpu_platform_id: -1]
[gpu_device_id: -1]
[gpu_use_dp: 0]
[num_gpu: 1]

end of parameters

pandas_categorical:[]
