tree
version=v4
num_class=1
num_tree_per_iteration=1
label_index=0
max_feature_idx=85
objective=regression
feature_names=CLF_close CLF_high CLF_low CLF_log_return CLF_return_lag_1 CLF_return_lag_2 CLF_return_lag_3 CLF_return_lag_5 CLF_rsi CLF_macd CLF_atr CLF_bollinger_pband CLF_sma_20 CLF_ema_12 NGF_close NGF_high NGF_low NGF_log_return NGF_return_lag_1 NGF_return_lag_2 NGF_return_lag_3 NGF_return_lag_5 NGF_rsi NGF_macd NGF_atr NGF_bollinger_pband NGF_sma_20 NGF_ema_12 GCF_close GCF_high GCF_low GCF_log_return GCF_return_lag_1 GCF_return_lag_2 GCF_return_lag_3 GCF_return_lag_5 GCF_rsi GCF_macd GCF_atr GCF_bollinger_pband GCF_sma_20 GCF_ema_12 ESF_close ESF_high ESF_low ESF_log_return ESF_return_lag_1 ESF_return_lag_2 ESF_return_lag_3 ESF_return_lag_5 ESF_rsi ESF_macd ESF_atr ESF_bollinger_pband ESF_sma_20 ESF_ema_12 OVX_close OVX_high OVX_low OVX_log_return OVX_return_lag_1 OVX_return_lag_2 OVX_return_lag_3 OVX_return_lag_5 OVX_rsi OVX_macd OVX_atr OVX_bollinger_pband OVX_sma_20 OVX_ema_12 VIX_close VIX_high VIX_low VIX_log_return VIX_return_lag_1 VIX_return_lag_2 VIX_return_lag_3 VIX_return_lag_5 VIX_rsi VIX_macd VIX_atr VIX_bollinger_pband VIX_sma_20 VIX_ema_12 dayofweek month
feature_infos=[-37.630001068115234:145.28999328613281] [13.689999580383301:147.27000427246094] [-40.319999694824219:143.22000122070312] [-0.28220613410748507:0.31963363001506739] [-3.0596606527245438:0.37662331847024161] [-3.0596606527245438:0.37662331847024161] [-3.0596606527245438:0.37662331847024161] [-3.0596606527245438:0.37662331847024161] [9.1192312961353963:83.210323620614091] [-9.8281223802334967:7.97885172563943] [0:10.452948508274901] [-0.57076319783242124:1.4043454832463376] [15.709000062942504:138.99549942016603] [12.291231566310916:140.80144695919438] [1.4819999933242798:15.378000259399414] [1.5670000314712524:15.779999732971191] [1.4320000410079956:14.85099983215332] [-0.30047975442423092:0.38172674938692641] [-0.25953710489588089:0.46481176972812022] [-0.25953710489588089:0.46481176972812022] [-0.25953710489588089:0.46481176972812022] [-0.25953710489588089:0.46481176972812022] [18.044605362972419:90.712653795761199] [-1.1013067389130224:1.0014697105002559] [0:0.90881418667804525] [-0.39331285298471508:1.5222821752089954] [1.660400003194809:13.632850074768069] [1.6222197076543536:13.996008695092531] [255.1000061035156:4529.10009765625] [256.10000610351562:4556.2998046875] [255:4502] [-0.098205791666101896:0.086431656660303502] [-0.093537657837483301:0.090276852010222106] [-0.093537657837483301:0.090276852010222106] [-0.093537657837483301:0.090276852010222106] [-0.093537657837483301:0.090276852010222106] [16.555741582929272:87.904153828387336] [-54.381705690513854:161.0150279738391] [0:97.227721193022717] [-0.45381279025607418:1.4579485613048675] [259.26999816894534:4320.8700195312504] [258.77246879729984:4383.5456758642604] [676:6982.5] [694.75:6994] [665.75:6969] [-0.109552441509657:0.1320221173165245] [-0.1037648367952522:0.14113355780022441] [-0.1037648367952522:0.14113355780022441] [-0.1037648367952522:0.14113355780022441] [-0.1037648367952522:0.14113355780022441] [14.108148414180109:88.011432871879066] [-229.5234008326338:118.85145603935509] [0:225.50356219258967] [-0.49529788249361201:1.2895570765549609] [736.25:6875.5395019531252] [720.46685627641943:6903.9879961157712] [14.5:325.14999389648438] [14.869999885559082:517.19000244140625] [13.930000305175779:213.58999633789065] [-0.62225072502498813:0.85769978680521874] [-0.4632649658851884:1.3577311672249306] [-0.4632649658851884:1.3577311672249306] [-0.4632649658851884:1.3577311672249306] [-0.4632649658851884:1.3577311672249306] [22.645342283431063:92.248920880423697] [-20.638006536848678:35.412549322046047] [0:82.552051007336871] [-0.30576588235305752:1.565497204701664] [15.597999954223631:166.58600044250488] [15.225394406259817:187.36498022544225] [9.1400003433227539:82.69000244140625] [9.3100004196166992:89.529998779296875] [8.5600004196166992:72.760002136230469] [-0.44244875916441467:0.76824502946630258] [-0.35753873962348431:1.1559792516603906] [-0.35753873962348431:1.1559792516603906] [-0.35753873962348431:1.1559792516603906] [-0.35753873962348431:1.1559792516603906] [24.368040061278009:91.037512365341044] [-5.4502543009591307:14.577704716716717] [0.5483063062588599:13.271699221808236] [-0.23851463087285141:1.5609696354247931] [9.7824999809265112:65.028999710083013] [9.7214706984371517:68.422373952761433] [0:4] [1:12]
tree_sizes=2448 2361 2428 2434 2353 2386 2277 2352 2450 2386 2409 2312 2395 2384 2347 2333 2354 2362 2342 2384 2376 2374 2404 2392 2358

Tree=0
num_leaves=25
num_cat=0
split_feature=57 80 57 57 73 9 3 81 5 44 71 45 39 62 16 62 3 64 24 57 81 62 33 61
split_gain=0.205623 0.0527964 0.0388637 0.0189849 0.0104993 0.00628647 0.0051767 0.00415914 0.00349666 0.00332932 0.00305292 0.00286302 0.00257287 0.00333644 0.00247068 0.00226711 0.00161764 0.00191575 0.00156055 0.00155863 0.00140487 0.00131228 0.00129826 0.00126791
threshold=60.854999542236335 6.155295695251974 43.504999160766609 32.43499946594239 0.021918836780067754 0.48980317710791615 -0.033356110854006991 0.70317517880555502 0.028717928811057555 1195.3750000000002 19.795000076293949 -0.0088333172088743469 0.22157409973988149 -0.0078508335101764495 4.118999958038331 0.030523845177114105 0.021042098139778354 45.504126047756607 0.55422072146566681 27.614999771118168 0.908698357914971 -0.0019930790661234496 0.014816404916139751 -0.017524643108406495
decision_type=10 10 10 8 10 10 10 10 10 8 10 8 10 10 10 10 10 10 10 10 10 10 10 10
left_child=2 14 3 19 12 7 9 -6 11 -5 -10 -8 -4 23 -2 -15 17 18 22 -1 -21 -19 -13 -14
right_child=1 -3 4 6 5 -7 8 -9 10 -11 -12 16 13 15 -16 -17 -18 21 -20 20 -22 -23 -24 -25
leaf_value=-0.016666195867152286 -0.018067422720803479 -0.020906242812817256 -0.017683540087026221 -0.017900348430311991 -0.017683848045744629 -0.017293653317626743 -0.017246131656991178 -0.018604513656416286 -0.01718693786280957 -0.017209726802609394 -0.017663904983217314 -0.016914392059286309 -0.017209726802609394 -0.017642832291617887 -0.01902387293732731 -0.017209726802609394 -0.017209726802609394 -0.017241295818061338 -0.017209726802609394 -0.016861892171987684 -0.017209726802609394 -0.017043293474843232 -0.017209726802609394 -0.016949887189233785
leaf_weight=642 133 82 118 74 118 104 370 98 132 98 110 1149 86 156 72 128 375 277 107 653 87 340 77 169
leaf_count=642 133 82 118 74 118 104 370 98 132 98 110 1149 86 156 72 128 375 277 107 653 87 340 77 169
internal_value=-0.0172174 -0.0192005 -0.0171154 -0.0170193 -0.0175452 -0.0179119 -0.0171281 -0.0181557 -0.0171014 -0.0175158 -0.0173558 -0.0170743 -0.0173489 -0.017254 -0.0184605 -0.0174485 -0.0170419 -0.0170139 -0.0169591 -0.0167831 -0.0169002 -0.017151 -0.0169347 -0.0170829
internal_weight=5755 287 5468 4491 977 320 3109 216 2937 172 242 2695 657 539 205 284 2325 1950 1333 1382 740 617 1226 255
internal_count=5755 287 5468 4491 977 320 3109 216 2937 172 242 2695 657 539 205 284 2325 1950 1333 1382 740 617 1226 255
is_linear=0
shrinkage=1


Tree=1
num_leaves=25
num_cat=0
split_feature=70 68 42 68 68 78 78 65 2 67 79 65 38 65 19 21 3 16 27 54 9 76 34 46
split_gain=0.153586 0.053677 0.0364251 0.0139909 0.0134579 0.0117816 0.007095 0.00480019 0.00455168 0.00403467 0.00455821 0.0036103 0.0038186 0.00345862 0.00303279 0.00239674 0.00173602 0.00170205 0.00150903 0.00218322 0.00214786 0.00182233 0.00145013 0.00139795
threshold=41.505001068115241 44.098499870300301 891.62500000000011 57.732750129699717 31.126999998092653 59.465790953625579 49.970586283220818 0.56635083130517583 48.854999542236335 0.86909678136204771 0.61486901329020782 -1.47828263027597 23.829335276796844 -0.22219345401375526 -0.0139736317935293 -0.031997267026182441 -0.0004736183026770499 6.3815000057220468 2.9061973708887687 902.39400024414078 0.41565916959441834 -0.017426507975144796 0.0072390651320276009 -0.0040503116512529492
decision_type=10 10 10 10 8 10 8 10 2 10 10 10 10 10 10 10 10 10 8 8 10 10 8 8
left_child=1 4 -2 5 7 11 8 -1 17 15 -11 -3 14 -10 -13 16 -8 18 21 -20 -21 -6 23 -17
right_child=2 3 -4 -5 6 -7 9 -9 13 10 -12 12 -14 -15 -16 22 -18 -19 19 20 -22 -23 -24 -25
leaf_value=0.00043729714681415866 -0.0010578642706807707 7.6177308696802738e-05 -0.0037396349181382394 -0.0012336208331468876 -0.00038951142634877187 -0.0012205931120577926 -0.0005115378837178032 0 0.00032572414761593819 0 -0.00071610244029170504 -4.5487141768388248e-05 0 2.8642259313114955e-05 -0.00057926770076258561 0.00022482468859906155 0 -0.00033227539902213433 -0.00015538751809906478 0.00032734080216218956 0 1.058672930257586e-05 -0.00010486256476663046 0
leaf_weight=1052 77 137 71 135 81 83 84 179 976 70 104 147 115 412 262 313 93 73 79 296 112 114 222 468
leaf_count=1052 77 137 71 135 81 83 84 179 976 70 104 147 115 412 262 313 93 73 79 296 112 114 222 468
internal_value=-7.97564e-06 5.37529e-05 -0.00242402 -0.000488009 0.000156938 -0.000336994 7.6702e-05 0.000375411 0.000164075 -5.30025e-05 -0.000394391 -0.000208345 -0.000304913 0.000245921 -0.000415874 0 -0.000260166 0 5.06523e-05 0.000133282 0.000217678 -9.60988e-05 4.28176e-05 9.96829e-05
internal_weight=5755 5607 148 879 4728 744 3497 1231 2143 1354 174 661 524 1388 409 1180 177 755 682 487 408 195 1003 781
internal_count=5755 5607 148 879 4728 744 3497 1231 2143 1354 174 661 524 1388 409 1180 177 755 682 487 408 195 1003 781
is_linear=0
shrinkage=0.0759464


Tree=2
num_leaves=25
num_cat=0
split_feature=56 65 56 56 73 3 3 22 18 85 74 82 82 17 45 32 31 74 20 9 27 43 44 39
split_gain=0.175168 0.0335749 0.0283278 0.0158272 0.00633108 0.0044321 0.00424446 0.00359183 0.00312457 0.00364097 0.00259924 0.00247877 0.00231822 0.00184462 0.00219191 0.00201848 0.00175305 0.00161738 0.00155351 0.00173659 0.00184279 0.00155906 0.00152616 0.00109966
threshold=57.194999694824226 4.9098092172046615 42.305000305175788 30.195000648498539 0.021918836780067754 -0.033356110854006991 -0.022627817649950848 46.11936448056062 -0.015921002164258846 8.5000000000000018 0.010538799929356302 16.714499926567083 29.079500246047974 -0.025159372017364345 -0.0066159750740835488 -0.00078266121105514984 -0.0042065612586255491 0.021020286024347204 -0.063162720964337046 -1.9165472761650404 2.8217733831474257 1197.6250000000002 1982.1250000000002 0.75031510834479576
decision_type=10 10 10 8 10 10 10 10 10 2 8 10 10 10 10 8 10 8 10 10 10 10 10 10
left_child=2 6 3 -1 8 11 -2 -6 9 -4 12 -5 18 23 15 -15 -10 -16 -7 -20 -21 -22 -18 -12
right_child=1 -3 4 5 7 10 -8 -9 16 -11 13 -13 -14 14 17 -17 22 -19 19 20 21 -23 -24 -25
leaf_value=0.00040275057144706708 -0.00049958788831225862 -0.0033123000535028977 -0.00064191629795780933 0 -0.00089102268486415464 -7.3632866129094311e-05 -0.0015712564205826005 -0.00021948529701229727 0.00025841550221548373 0 0.00032652307575130584 -0.00053456301440228248 -0.0001025010705191316 -0.00051306895911252203 -0.00022036819493920012 0 5.7622269421625057e-05 6.9817990629937875e-05 -9.3867503852585818e-06 3.2276637468979568e-05 9.9349902006838606e-05 0.00032656539751485585 -0.00025436246700564303 0
leaf_weight=1194 71 77 119 80 153 71 132 150 108 91 147 98 136 97 128 100 92 645 119 394 436 855 176 86
leaf_count=1194 71 77 119 80 153 71 132 150 108 91 147 98 136 97 128 100 92 645 119 394 436 855 176 86
internal_value=-7.79844e-06 -0.00186218 8.49366e-05 0.000162653 -0.00030288 7.47045e-05 -0.00125397 -0.000597055 -0.000130887 -0.000365495 9.78404e-05 -0.000277644 0.000150844 0 -3.66379e-05 -0.000265677 0 6.71566e-06 0.000175422 0.000191669 0.000212766 0.000258842 -0.000103915 0.000200157
internal_weight=5755 280 5475 4586 889 3392 203 303 586 210 3214 178 2011 1203 970 197 376 773 1875 1804 1685 1291 268 233
internal_count=5755 280 5475 4586 889 3392 203 303 586 210 3214 178 2011 1203 970 197 376 773 1875 1804 1685 1291 268 233
is_linear=0
shrinkage=0.0759464


Tree=3
num_leaves=25
num_cat=0
split_feature=56 48 57 56 51 79 36 63 7 31 54 62 26 19 30 56 35 31 78 79 40 13 16 31
split_gain=0.15056 0.0351692 0.0249233 0.0127813 0.00538926 0.00369699 0.00359387 0.00356578 0.00333514 0.00322741 0.00258307 0.00255978 0.0028592 0.0025533 0.00245227 0.00190759 0.00190159 0.00178107 0.00165059 0.00352974 0.00311907 0.00168885 0.00164572 0.00155541
threshold=57.194999694824226 -0.015576030407274748 36.444999694824226 49.260000228881843 -29.37593685390652 0.62886199205877358 54.494131061828959 0.017020625943460054 0.012287034177767052 -0.0030336668056569495 883.51250000000016 -0.024054843510938197 3.8835500121116637 -0.018649509892662345 1186.049987792969 30.195000648498539 0.0045082312901478004 0.0067516279152403007 49.248701716027547 0.41333545337479555 279.12500000000006 33.016471891249608 2.9225000143051152 0.011467917200853351
decision_type=10 10 8 10 8 10 10 8 10 10 8 10 10 10 10 10 10 10 8 10 8 10 10 10
left_child=2 -2 5 4 6 15 -4 8 11 -5 -9 -6 22 -3 -14 -1 -10 -11 20 -20 -12 -21 -13 -22
right_child=1 13 3 9 7 -7 -8 10 16 17 18 12 14 -15 -16 -17 -18 -19 19 21 23 -23 -24 -25
leaf_value=0.00041078255751605703 -0.0032817456172648633 -0.00047804733047231417 0 -7.8477130874044784e-05 0 0 -0.00084648757257453026 -0.00027764809467276417 0.00022939706464071693 -0.00096149656965532849 -0.00012159388546441857 -0.00025559241496073034 -7.2838245340770252e-05 -0.0014065664818685157 -0.00092422367785570728 0.00020305794118160444 -8.3351451683019541e-05 -0.00018107025805359585 -0.00011072954834166094 0.00046993677252280008 0.00026896711686100568 3.6893813836479274e-05 4.6743658843331592e-05 0
leaf_weight=1018 71 72 77 116 194 286 70 89 226 115 128 202 72 137 77 747 153 70 456 110 790 240 108 131
leaf_count=1018 71 72 77 116 194 286 70 89 226 115 128 202 72 137 77 747 153 70 456 110 790 240 108 131
internal_value=-7.84327e-06 -0.00172716 7.79826e-05 -4.45011e-05 0 0.000288122 -0.000447701 2.32348e-05 -8.53175e-05 -0.000517095 8.68414e-05 -0.000194703 -0.000293413 -0.00114255 -0.000591012 0.000329464 7.24866e-05 -0.000729182 0.000110604 1.25075e-05 0.000174892 0.000206262 -0.000112788 0.000228723
internal_weight=5755 280 5475 3424 3123 2051 147 2976 1032 301 1944 653 459 209 149 1765 379 185 1855 806 1049 350 310 921
internal_count=5755 280 5475 3424 3123 2051 147 2976 1032 301 1944 653 459 209 149 1765 379 185 1855 806 1049 350 310 921
is_linear=0
shrinkage=0.0759464


Tree=4
num_leaves=25
num_cat=0
split_feature=56 65 56 56 73 78 3 67 63 53 77 76 25 29 52 38 33 51 74 5 25 79 51 77
split_gain=0.129666 0.0328326 0.0246191 0.0116696 0.00620306 0.00397089 0.00365266 0.00298029 0.00260467 0.00226949 0.00222992 0.0018628 0.00173191 0.0016014 0.00218541 0.00168717 0.00144216 0.00138013 0.00136557 0.00125568 0.00126227 0.0012252 0.00143353 0.00139558
threshold=61.000000000000007 4.9098092172046615 42.305000305175788 30.195000648498539 0.027033730851029506 59.465790953625579 -0.033356110854006991 1.1027001798396923 0.023464883456321854 -0.039590662503780495 -0.063143523469434235 0.023226197390291053 0.27027210843004962 1807.850036621094 23.138448716532704 19.736707149545698 0.00012543147111170004 26.706380817646735 0.0018916721690449003 0.027187470922528753 0.28705449476093642 -0.81892504145988976 -2.5860067569193457 -0.022702010081336394
decision_type=10 10 10 8 10 10 10 8 10 10 10 8 10 10 10 10 8 8 10 10 10 10 10 10
left_child=2 12 3 -1 8 -6 7 -5 10 16 -4 18 -2 14 -12 -16 -8 19 21 20 -13 23 -23 -11
right_child=1 -3 4 6 5 -7 9 -9 -10 11 13 17 -14 -15 15 -17 -18 -19 -20 -21 -22 22 -24 -25
leaf_value=0.00034564722331575172 -0.00049778339204880403 -0.0031788672659033069 3.7677607458928133e-06 0 -0.0003191293260942507 -0.0010791376441790588 0 -0.00051687168340518977 5.2332489067977292e-05 -0.00024656451318822082 0 3.7788154118823618e-05 -0.0013922620459043706 0 -0.00076134377199312908 -5.3938873886264151e-05 -0.00043290308394923997 0 -1.20725524486816e-06 0 0.00034407380366272006 0 0.00021124255905543229 9.8489246138381675e-05
leaf_weight=1194 78 72 77 70 209 89 75 108 203 106 70 202 91 91 119 70 70 141 961 71 486 270 667 165
leaf_count=1194 78 72 77 70 209 89 75 108 203 106 70 202 91 91 119 70 70 141 961 71 486 270 667 165
internal_value=-8.06098e-06 -0.00173392 6.52837e-05 0.000139187 -0.000287393 -0.000585303 6.30804e-05 -0.000256124 -0.000127981 8.43803e-05 -0.000240916 0.000100764 -0.00104854 -0.00032794 -0.00042541 -0.000560934 -0.000182147 0.000198176 5.49803e-05 0.000238864 0.000271053 0.000109298 0.000151467 0
internal_weight=5755 241 5514 4586 928 298 3392 178 630 3214 427 3069 169 350 259 189 145 900 2169 759 688 1208 937 271
internal_count=5755 241 5514 4586 928 298 3392 178 630 3214 427 3069 169 350 259 189 145 900 2169 759 688 1208 937 271
is_linear=0
shrinkage=0.0759464


Tree=5
num_leaves=25
num_cat=0
split_feature=58 65 57 45 58 11 79 63 5 20 44 40 8 84 9 10 17 43 8 74 4 21 75 60
split_gain=0.108713 0.0286979 0.0191844 0.0105025 0.00612612 0.0033846 0.00311907 0.00297926 0.00275315 0.00246077 0.00243286 0.00237683 0.00212261 0.00319452 0.00210695 0.0019032 0.00194255 0.00180253 0.00161545 0.00157971 0.00152215 0.00142866 0.00144089 0.0012472
threshold=54.750000000000007 4.9098092172046615 36.444999694824226 -0.024392746619507143 48.805000305175788 -0.072321683562815889 0.62886199205877358 0.023464883456321854 0.025319145221300004 -0.0084870922944682483 1177.1250000000002 1843.8775054931643 50.0564773911372 1.5000000000000002 -0.46440614199662628 0.86996255725436533 -0.0053150678536706989 1144.7500000000002 31.429281344854861 0.010984977992746401 -0.015884541234352397 0.0011904432007145502 0.039208504522458811 0.014348614660194802
decision_type=10 10 8 8 10 8 10 8 10 10 8 10 10 2 10 2 10 10 10 8 10 10 10 10
left_child=2 23 6 -4 5 -5 20 11 10 -6 15 12 13 -7 -10 16 -9 -17 -12 -20 -1 -14 -23 -2
right_child=1 -3 3 4 9 7 -8 8 14 -11 18 -13 21 -15 -16 17 -18 -19 19 -21 -22 22 -24 -25
leaf_value=2.4448611914411422e-05 -0.0011238627641638552 -0.0028196175177335192 -0.00082369241351770196 -0.00049293180467551866 0 0 0 0 -0.00047054853308818015 -0.00064393582150349793 -2.4588585219436946e-05 9.6721545894441329e-05 8.4821983416261083e-05 -0.0004853136741372146 0 0 0.00041654657654996939 -0.00033316427550822138 0.00031918056463869769 5.525872067166898e-05 0.00031455770295600865 -0.00027404445476645033 9.7962227764728713e-06 -0.00034724058267822036
leaf_weight=207 136 75 97 74 98 134 286 79 74 121 72 295 253 198 165 381 116 112 557 329 1558 198 70 70
leaf_count=207 136 75 97 74 98 134 286 79 74 121 72 295 253 198 165 381 116 112 557 329 1558 198 70 70
internal_value=-7.93798e-06 -0.00146642 6.48249e-05 -4.23424e-05 -1.60439e-05 7.66923e-06 0.000249343 2.37261e-05 8.52702e-05 -0.000405424 0.000124071 -6.72031e-05 -0.000137523 -0.000291545 -0.000133289 0 0.000214017 -6.43644e-05 0.000202717 0.000234308 0.000287121 -1.70424e-05 -0.000156563 -0.00091657
internal_weight=5755 281 5474 3423 3326 3107 2051 3033 1885 219 1646 1148 853 332 239 688 195 493 958 886 1765 521 268 206
internal_count=5755 281 5474 3423 3326 3107 2051 3033 1885 219 1646 1148 853 332 239 688 195 493 958 886 1765 521 268 206
is_linear=0
shrinkage=0.0759464


Tree=6
num_leaves=25
num_cat=0
split_feature=80 56 56 20 64 82 34 60 10 60 31 76 51 9 36 48 5 50 82 44 56 24 17 79
split_gain=0.102596 0.0315896 0.0118879 0.00533743 0.0046513 0.00431968 0.00262625 0.00364174 0.00249448 0.00310624 0.00468239 0.0024192 0.0025734 0.00212797 0.00189235 0.00192021 0.00186557 0.00161697 0.00152661 0.00140321 0.00118364 0.00111619 0.000891448 0.0011567
threshold=6.155295695251974 49.260000228881843 30.195000648498539 -0.033420733457341492 60.931327591851385 25.268499994277956 -0.0016737917195882499 0.031154138623697803 0.92719334379742413 0.039643158112007103 -0.0014864809748361496 -0.00079656818901779989 -9.2838386066423464 -1.9793120652491465 61.912332116796684 0.0027604504885184503 0.0076288430846010507 42.148405743893321 15.153499937057497 1235.8750000000002 33.745000839233406 0.063116345329020121 -0.0027068756349469497 -1.0526821062517084
decision_type=10 10 8 10 10 10 10 10 2 8 10 10 10 10 10 8 10 10 10 10 10 10 10 8
left_child=1 2 17 -3 5 13 -6 -8 -7 -10 -11 -5 -13 16 22 19 -4 -1 -17 -16 -21 -19 -15 -24
right_child=-2 3 4 11 6 8 7 -9 9 10 -12 12 -14 14 15 18 -18 21 -20 20 -22 -23 23 -25
leaf_value=0 -0.0024735368622284901 0 0 -0.00088195256985910172 0 9.9847455465549602e-05 0 -0.00088748257485398016 -6.1019353908052596e-06 0 -0.00074332255272910655 0 -0.0006015948314436882 8.1566470898109986e-05 -1.4004261777243857e-05 -0.00044281715214169591 -0.0004124572736387702 0 0 0.000307208376250388 0 0.00036301272646948305 0 0.00024731225943594714
leaf_weight=97 95 92 158 214 94 165 88 70 291 79 119 81 95 911 175 71 76 88 229 221 129 994 143 909
leaf_count=97 95 92 158 214 94 165 88 70 291 79 119 81 95 911 175 71 76 88 229 221 129 994 143 909
internal_value=0 4.24973e-05 9.98944e-05 -0.000541466 3.30807e-05 5.73533e-05 -0.000274797 -0.000465028 -0.000111514 -0.000206603 -0.00044249 -0.000664273 -0.000333338 9.77462e-05 0.000118222 6.25874e-06 -9.65164e-05 0.00031262 -0.000130756 0.000106697 0.000200242 0.000339281 0.000159354 0.000215658
internal_weight=5684 5589 5107 482 3928 3676 252 158 654 489 198 390 176 3022 2788 825 234 1179 300 525 350 1082 1963 1052
internal_count=5684 5589 5107 482 3928 3676 252 158 654 489 198 390 176 3022 2788 825 234 1179 300 525 350 1082 1963 1052
is_linear=0
shrinkage=0.0759464


Tree=7
num_leaves=25
num_cat=0
split_feature=80 56 56 40 7 53 82 25 9 45 77 80 24 43 12 2 60 4 6 78 79 24 35 46
split_gain=0.0875697 0.0271778 0.0102215 0.00496352 0.00649609 0.00415049 0.00266387 0.00348408 0.0032363 0.00217266 0.00257747 0.0017948 0.00179245 0.00198904 0.00205478 0.00217946 0.00157591 0.00160523 0.0013893 0.00125723 0.00187216 0.00108605 0.00120132 0.00108149
threshold=6.155295695251974 49.260000228881843 30.195000648498539 1121.0799957275392 0.0090187049545425533 -0.093771993997600639 25.268499994277956 0.22103031999513828 -1.9165472761650404 0.0040624933257657004 -0.024751605090171297 1.8336488852419273 0.14097055133182468 1238.8750000000002 75.49475040435793 80.079998016357436 0.036186260565918608 0.012297730970607853 -0.018577962566359397 51.471697787987488 -0.79027602911653083 0.38694204095133417 0.00012543147111170004 -0.0038332658874785995
decision_type=10 10 8 10 10 8 10 10 10 8 10 10 10 10 10 2 10 10 10 10 10 10 10 10
left_child=1 2 18 -3 -5 -4 8 -8 9 10 -7 -9 16 21 -15 -16 17 19 -1 20 -10 22 -14 -17
right_child=-2 3 5 4 -6 6 7 11 12 -11 -12 -13 13 14 15 23 -18 -19 -20 -21 -22 -23 -24 -25
leaf_value=0 -0.0022858153375170946 -0.00093353488143747257 -0.00048075234095517878 0 -0.00069228702750529598 0 -0.00043049006394422254 -0.00024296453764950898 0 2.6433425098688021e-05 -0.00054650964587332307 8.2063423793536807e-05 0.00018573046113877145 0.00027699899851246946 -0.00023447203682562163 0 -0.00020764583994124046 -9.3584987099883579e-05 0.00031264776241954855 0 0.00036438818310512193 -0.00014554813958297298 0 0.00026686309782457493
leaf_weight=87 95 138 86 203 141 70 135 130 110 118 113 397 344 814 102 84 159 188 1092 139 210 119 422 188
leaf_count=87 95 138 86 203 141 70 135 130 110 118 113 397 344 814 102 84 159 188 1092 139 210 119 422 188
internal_value=0 3.86812e-05 9.20616e-05 -0.000502728 -0.000295971 2.98733e-05 4.43369e-05 -8.63396e-05 7.51971e-05 -0.000146423 -0.000321343 0 0.000102408 0.000139828 0.000206795 2.2902e-05 0 5.87198e-05 0.000289378 0.000146426 0.000231102 3.67911e-05 8.03014e-05 0.000162175
internal_weight=5684 5589 5107 482 344 3928 3842 662 3180 301 183 527 2879 2073 1188 374 806 647 1179 459 320 885 766 272
internal_count=5684 5589 5107 482 344 3928 3842 662 3180 301 183 527 2879 2073 1188 374 806 647 1179 459 320 885 766 272
is_linear=0
shrinkage=0.0759464


Tree=8
num_leaves=25
num_cat=0
split_feature=69 56 56 20 21 53 49 45 40 21 5 35 48 21 63 47 53 49 6 5 47 6 25 22
split_gain=0.0746525 0.0247427 0.00869883 0.00434654 0.00803749 0.00355871 0.00243205 0.00229761 0.00190849 0.00190563 0.00190917 0.00203029 0.00167994 0.00167485 0.0020805 0.00189233 0.00211921 0.00165428 0.00154158 0.00138219 0.00137216 0.00184999 0.00137185 0.00215684
threshold=79.803015692530579 49.260000228881843 30.195000648498539 0.023429922275003803 0.023429922275003803 -0.093771993997600639 -0.020119255199900345 0.0028614001937016004 2640.317504882813 -0.025604649820362296 0.005544087156314101 0.00035217539391250004 0.0051933018858725003 -0.0053009678385603992 0.0061579170157993511 -0.0015789575078461497 0.87625439206927636 -0.0070459917622656991 0.012287034177767052 -0.0075112323887090993 -0.0022508047893651495 -0.0033063491416413494 0.59886578896495024 40.953304085426836
decision_type=10 10 8 10 10 8 10 10 8 10 10 10 8 10 8 10 10 10 10 10 10 10 10 10
left_child=1 2 -1 4 7 -4 12 -3 9 10 -8 -12 -7 17 15 -15 -17 -11 19 -19 22 -22 23 -16
right_child=-2 3 5 -5 -6 6 8 -9 -10 13 11 -13 -14 14 20 16 -18 18 -20 -21 21 -23 -24 -25
leaf_value=0.00026738712683769742 -0.0021113727154727585 -0.0002859659399166887 -0.00044426984953711634 -0.00098423070679505282 -0.00098357426651834849 0 1.6937710766784463e-05 0.00011396862806938161 0.00027790904330342227 -1.6571047337682342e-05 0 -0.00042380053621519584 -0.00048884781473751621 6.7691905021210073e-05 5.1286525061283504e-05 -0.00026879015726548376 1.2721851264805688e-05 1.5593990736275071e-05 0 0.0003798195207671752 0 0.00024410927833754987 0.00011174444487220383 -0.00036425152782312218
leaf_weight=1179 95 163 86 104 84 92 382 119 229 122 146 143 77 271 71 348 147 160 180 332 342 478 201 133
leaf_count=1179 95 163 86 104 84 92 382 119 229 122 146 143 77 271 71 348 147 160 180 332 342 478 201 133
internal_value=0 3.48317e-05 8.51913e-05 -0.000488865 -0.000316196 2.77175e-05 4.12733e-05 -7.60042e-05 5.67442e-05 3.87211e-05 -6.77845e-05 -0.000219958 -0.000227203 6.85564e-05 2.43238e-05 -6.53859e-05 -0.000161721 0.000164823 0.000215048 0.000285013 8.99084e-05 0.000147399 0 -0.0001627
internal_weight=5684 5589 5119 470 366 3940 3854 282 3685 3456 671 289 169 2785 1991 766 495 794 672 492 1225 820 405 204
internal_count=5684 5589 5119 470 366 3940 3854 282 3685 3456 671 289 169 2785 1991 766 495 794 672 492 1225 820 405 204
is_linear=0
shrinkage=0.0759464


Tree=9
num_leaves=25
num_cat=0
split_feature=69 56 57 79 67 21 20 37 70 10 68 73 25 62 35 71 78 18 77 62 21 50 79 51
split_gain=0.0646051 0.0233066 0.00748888 0.00450411 0.0042534 0.0037681 0.00347788 0.00375908 0.00304662 0.00271907 0.00366252 0.00288666 0.00246073 0.00442845 0.00169141 0.00167836 0.00143212 0.00269594 0.00142651 0.00131508 0.00131003 0.00136449 0.00124182 0.00123268
threshold=81.790426021444119 49.260000228881843 32.43499946594239 2.5422821163820264 1.0634690609935888 0.023429922275003803 -0.00046274934655399994 1.8462493783385983 19.73499965667725 0.92719334379742413 43.529000186920172 -0.059009350251352843 0.28705449476093642 0.045845680935192902 -0.0011601503621195997 28.32499980926514 47.708260346163165 -0.022312085480470596 0.026324046921607003 0.031983546284154112 -0.022312085480470596 57.43611002834362 -0.92386160913160953 -2.3086533652739258
decision_type=10 10 8 10 10 10 10 10 10 2 8 10 10 8 10 10 10 10 10 10 10 8 8 8
left_child=1 2 19 5 8 6 15 -8 18 14 16 -12 13 -13 -10 -3 -11 -18 22 -1 -14 -22 -4 -24
right_child=-2 3 4 -5 -6 -7 7 -9 9 10 11 12 20 -15 -16 -17 17 -19 -20 -21 21 -23 23 -25
leaf_value=0.00026393305355049493 -0.0021565067382606704 -0.00011609449156943439 0 -0.0010878917030961786 -0.00049838005214498937 -0.00076851855302464489 0 -0.00078282450240179963 0.00036280657988915576 0.00019826883519976171 0.00012937489403080701 -9.4677010740916689e-05 -0.00039572654712422223 -0.00096475408026475823 0 0.0003319879986169199 -0.00040442900255085264 4.6411511230065097e-05 0 0 5.9885019980442776e-05 -0.00027782945649422621 0 0.00019257051062857936
leaf_weight=1168 79 79 212 75 86 100 73 79 124 205 73 114 89 86 188 80 95 267 564 190 197 93 227 1141
leaf_count=1168 79 79 212 75 86 100 73 79 124 205 73 114 89 86 188 80 95 267 564 190 197 93 227 1141
internal_value=0 2.96415e-05 7.93089e-05 -0.000469525 2.06899e-05 -0.000328246 -0.000149176 -0.000419589 3.60086e-05 -4.05969e-05 -9.76795e-05 -0.00022284 -0.00028733 -0.000527109 0.000145153 3.63287e-05 2.57559e-05 -3.98536e-05 9.61324e-05 0.000233087 -0.000130062 -8.38455e-06 0.00013322 0.000160416
internal_weight=5684 5605 5119 486 3761 411 311 152 3675 1531 1219 652 579 200 312 159 567 362 2144 1358 379 290 1580 1368
internal_count=5684 5605 5119 486 3761 411 311 152 3675 1531 1219 652 579 200 312 159 567 362 2144 1358 379 290 1580 1368
is_linear=0
shrinkage=0.0759464


Tree=10
num_leaves=25
num_cat=0
split_feature=65 56 56 30 7 53 24 27 49 34 23 42 15 73 17 65 7 16 9 80 68 78 76 35
split_gain=0.0652058 0.0179422 0.00646154 0.0051444 0.00459007 0.00292373 0.00226808 0.00304422 0.00200234 0.00197035 0.00221387 0.00310621 0.00202207 0.00227074 0.0023611 0.00237669 0.00163285 0.00149419 0.00229849 0.00156461 0.00167972 0.0012244 0.00115527 0.00120513
threshold=5.4045169160440958 49.260000228881843 30.195000648498539 1201.9500122070315 0.0090187049545425533 -0.093771993997600639 0.54106248751410413 8.4374649455793058 0.0029205779025599002 0.0011940677342174002 -0.046321514527384491 4433.5000000000009 5.7909998893737802 -0.032435856841330893 0.019007916264112402 0.54002695138534673 -0.00047350611431744993 2.5045000314712529 -2.2477447213372304 1.8336488852419273 39.134250259399415 53.189818333297801 -0.063143523469434235 -0.010477506668552298
decision_type=10 10 8 10 10 8 10 10 10 10 8 8 10 10 10 8 10 8 10 10 10 10 8 8
left_child=1 2 21 8 -5 -4 9 -8 -3 17 -11 12 13 -12 15 -15 -17 19 -19 -7 -21 -1 -20 -24
right_child=-2 3 5 4 -6 6 7 -9 -10 10 11 -13 -14 14 -16 16 -18 18 22 20 -22 -23 23 -25
leaf_value=0.00027983248662823525 -0.0021669946282826436 -0.00095770836404012437 -0.00040421496209273606 6.422569260688824e-05 -0.00052873487128914966 0.00010512788632013148 -0.0004424562831546662 2.3820674736239136e-06 -0.00024180846254648141 0.00011394151341482157 0 0.00020718138913597772 5.8446763384348096e-06 -0.00014667063358629622 0 -0.00016070845849324239 -0.0009723427693122006 -0.00013862939650305969 0 -0.00048593308274915255 0 4.4788244315130706e-05 0 0.00022041334982896311
leaf_weight=881 79 122 86 162 109 159 128 138 94 592 207 170 282 205 117 70 75 113 176 72 74 298 141 1134
leaf_count=881 79 122 86 162 109 159 128 138 94 592 207 170 282 205 117 70 75 113 176 72 74 298 141 1134
internal_value=0 2.9276e-05 7.31238e-05 -0.000407612 -0.000131464 2.31283e-05 3.56904e-05 -0.000168048 -0.00070013 5.40422e-05 0 -6.71834e-05 -0.000128141 -0.000201439 -0.000294284 -0.000393001 -0.000660904 0.000108099 0.000139407 -1.43353e-05 -0.000224 0.000230288 0.000169075 0.000194315
internal_weight=5684 5605 5118 487 271 3939 3853 266 216 3587 1718 1126 956 674 467 350 145 1869 1564 305 146 1179 1451 1275
internal_count=5684 5605 5118 487 271 3939 3853 266 216 3587 1718 1126 956 674 467 350 145 1869 1564 305 146 1179 1451 1275
is_linear=0
shrinkage=0.0759464


Tree=11
num_leaves=25
num_cat=0
split_feature=52 58 4 20 45 57 67 46 49 37 74 39 2 23 23 78 3 63 24 16 75 26 57 31
split_gain=0.058533 0.0170436 0.00798337 0.00889988 0.00951996 0.00563402 0.00331327 0.00270011 0.001816 0.00156431 0.00148383 0.00205604 0.00223303 0.00190955 0.00145296 0.00142446 0.00141389 0.0013637 0.00216009 0.00125112 0.00122673 0.00122259 0.00121306 0.00113804
threshold=113.03918400104469 48.805000305175788 -0.022833212249059345 -0.031397618023750996 -0.0055771276763532497 32.43499946594239 1.0634690609935888 0.020304556410990802 -0.020119255199900345 1.3924021445534722 0.0030378716123259006 0.77311415943919271 54.409999847412116 -0.017572093321884797 0.013524076231630851 39.730193934300452 -0.0017602630549992998 0.013274613049249951 0.21541436968924493 7.1150000095367441 0.042918333662068708 2.6503749966621402 34.914999008178718 0.0090678687346156025
decision_type=10 10 10 10 10 8 10 10 10 10 10 10 2 10 8 8 10 8 10 10 10 10 8 8
left_child=1 5 16 -4 -5 21 7 8 14 -6 15 17 13 -13 -7 -10 -3 20 -19 22 -12 -1 -17 -24
right_child=-2 2 3 4 9 6 -8 -9 10 -11 11 12 -14 -15 -16 19 -18 18 -20 -21 -22 -23 23 -25
leaf_value=0 -0.0021673566210196459 0.00029168375595509544 0 -0.0014936742773709484 0 -0.00044363617482091899 -0.00040234996322994387 -0.00032011044147046091 -1.0698212994137615e-05 -0.00060409861290513481 1.1723175665228723e-05 -0.00063107962254372284 0 -1.4791437318693271e-05 0 0 -0.00016760117168135478 0.00028476695216434345 0 0 -0.00030923227799443639 0.00022925247604599743 0.00022790489176892657 0
leaf_weight=178 71 71 77 95 70 72 102 114 330 76 329 79 296 116 72 202 75 301 296 223 75 1180 957 227
leaf_count=178 71 71 77 95 70 72 102 114 330 76 329 79 296 116 72 202 75 301 296 223 75 1180 957 227
internal_value=0 2.59215e-05 -0.000411418 -0.000625885 -0.000854281 6.75945e-05 1.66711e-05 3.1415e-05 4.58816e-05 -0.000358158 5.96225e-05 0 -0.000124579 -0.000324188 -0.000200706 0.000103459 0 6.50619e-05 0.000141503 0.000134096 -1.91359e-05 0.000201186 0.000161496 0.000190891
internal_weight=5684 5613 464 318 241 5149 3791 3689 3575 146 3431 1492 491 195 144 1939 146 1001 597 1609 404 1358 1386 1184
internal_count=5684 5613 464 318 241 5149 3791 3689 3575 146 3431 1492 491 195 144 1939 146 1001 597 1609 404 1358 1386 1184
is_linear=0
shrinkage=0.0759464


Tree=12
num_leaves=25
num_cat=0
split_feature=56 63 56 11 51 74 56 10 78 47 84 69 20 31 13 63 31 51 75 82 77 5 11 31
split_gain=0.0246763 0.00846166 0.00827917 0.00584167 0.0042713 0.00583914 0.00227191 0.00214573 0.00206487 0.00171565 0.00181273 0.00287462 0.00197867 0.0028607 0.00157612 0.00275098 0.00153432 0.00144696 0.00136688 0.00171001 0.00153651 0.00137988 0.00126405 0.00110481
threshold=57.194999694824226 0.036669941554787304 35.215000152587898 0.36990340080756084 -29.37593685390652 -0.011985883101275947 26.309999465942386 0.84134056585334493 49.970586283220818 -0.016742615814726098 3.5000000000000004 35.195544660798468 -0.013023126386043648 -0.0031205554630305997 51.287790953349862 -0.0088376156785131988 -0.0018239336755850497 21.477727528491531 0.018707239731117351 16.070999979972843 -0.037697642350425199 -0.014977764451910998 0.46904961318221117 0.0061634770425079508
decision_type=10 10 8 10 8 10 10 2 8 8 2 10 10 10 10 8 10 10 10 10 10 10 8 10
left_child=2 3 6 -2 5 -4 -1 -6 14 -10 12 -12 13 -11 18 16 -16 -17 19 -9 -21 -22 -15 -8
right_child=1 -3 4 -5 7 -7 23 8 9 10 11 -13 -14 22 15 17 -18 -19 -20 20 21 -23 -24 -25
leaf_value=0.00029629531234004513 0 -0.0014475372037940121 0 -0.00070820624312502051 0.0002270605695686524 -0.00069944444432087157 5.023030459029473e-05 2.0754532439075995e-05 0.00012126184325472962 0 0 -0.00075153313433608314 0 -0.00066836673049746763 -0.00028677961572405331 0.00024130210089196109 9.4988869351348328e-06 0 8.8653378445864957e-05 -0.00045953114369216001 -0.00036002825977348102 0 -6.2230084099308632e-05 0.000223170414021343
leaf_weight=581 86 74 109 121 206 126 1216 183 111 101 92 76 525 90 124 523 223 142 200 123 70 212 90 375
leaf_count=581 86 74 109 121 206 126 1216 183 111 101 92 76 525 90 124 523 223 142 200 123 70 212 90 375
internal_value=2.87352e-06 -0.000688984 4.03562e-05 -0.000361289 -3.20792e-05 -0.000345105 0.000156626 -4.51328e-06 -2.50824e-05 -0.000109646 -0.000147901 -0.000396205 -8.16959e-05 -0.000244429 1.94357e-05 8.67564e-05 -6.29207e-05 0.000182334 -5.22723e-05 -0.000119977 -0.000212254 -6.31063e-05 -0.000429988 9.83057e-05
internal_weight=5779 281 5498 207 3326 235 2172 3091 2885 1085 974 168 806 281 1800 1012 347 665 788 588 405 282 180 1591
internal_count=5779 281 5498 207 3326 235 2172 3091 2885 1085 974 168 806 281 1800 1012 347 665 788 588 405 282 180 1591
is_linear=0
shrinkage=0.0759464


Tree=13
num_leaves=25
num_cat=0
split_feature=71 37 18 57 13 14 22 14 74 38 9 48 18 73 77 34 53 62 78 57 1 41 37 67
split_gain=0.0193206 0.0229023 0.0122488 0.0072594 0.00333798 0.00407439 0.00255035 0.00233417 0.00225055 0.00245553 0.00275597 0.00339735 0.0020222 0.00206466 0.00170831 0.00159316 0.00150935 0.0018393 0.00228068 0.00206431 0.00174513 0.00162873 0.00151435 0.00146292
threshold=36.159999847412116 2.6100696479437322 -0.012721351851713698 36.704999923706062 104.21596807021113 8.671000003814699 35.640531435710351 2.5855000019073491 0.010538799929356302 20.951275410335516 -0.43090220631620463 0.0045971388936675512 -0.010047196788678998 0.0034266006330002504 0.032851919728400257 0.0035666819388160006 0.4112990143651582 -0.020154431943843445 48.499157884473227 51.534999847412116 71.295001983642592 467.48760156551128 3.2788186479719177 0.96847621169508724
decision_type=8 10 10 8 10 10 10 10 8 8 10 10 10 10 10 10 8 10 10 8 2 10 10 10
left_child=3 -2 -3 7 6 -6 14 -1 16 10 11 15 13 -12 -5 -10 -8 18 21 20 -19 -18 -20 -9
right_child=1 2 -4 4 5 -7 8 23 9 -11 12 -13 -14 -15 -16 -17 17 19 22 -21 -22 -23 -24 -25
leaf_value=-2.9269837446066065e-06 6.7243589186389489e-05 -0.001937971174678187 -0.0004189730681452104 0.00030111877562857673 -0.0007620078925505043 0 0.00013615028981630271 0.00020253314908681263 -0.00073822776605293337 0.0001051969034578806 0 0 1.4369707202708781e-05 -0.00053596504526745863 0 -5.1273522767619817e-05 0 5.3139925645661954e-05 -0.00045197848275754359 -0.0005273221715720839 -0.00024144278398610094 0.00021896352774477233 0 -1.44782657066606e-05
leaf_weight=335 139 77 93 237 78 98 455 1678 129 167 131 90 394 90 94 70 346 235 75 76 175 356 70 91
leaf_count=335 139 77 93 237 78 98 455 1678 129 167 131 90 394 90 94 70 346 235 75 76 175 356 70 91
internal_value=2.79595e-06 -0.000579152 -0.00117584 3.78019e-05 -2.84948e-05 -0.000352119 -6.98891e-06 0.000149386 -3.35782e-05 -0.000121881 -0.000176692 -0.00037999 -6.22287e-05 -0.00025133 0.000187525 -0.000555076 1.28166e-05 -2.0567e-05 3.64187e-05 -0.000143786 -4.42704e-05 0.000104573 -0.000213309 0.000184799
internal_weight=5779 309 170 5470 3366 176 3190 2104 2859 1071 904 289 615 221 331 199 1788 1333 847 486 410 702 145 1769
internal_count=5779 309 170 5470 3366 176 3190 2104 2859 1071 904 289 615 221 331 199 1788 1333 847 486 410 702 145 1769
is_linear=0
shrinkage=0.0759464


Tree=14
num_leaves=25
num_cat=0
split_feature=71 37 18 57 62 57 76 80 12 74 5 4 80 37 22 1 26 26 30 84 26 47 48 23
split_gain=0.0164533 0.0198915 0.0101275 0.00618754 0.00309202 0.00263157 0.00273048 0.00227113 0.00207235 0.00237286 0.00192897 0.00186937 0.00172033 0.0017952 0.00152472 0.00158 0.00321833 0.00146089 0.00145798 0.00141795 0.00164441 0.00182232 0.00124 0.00164581
threshold=36.159999847412116 2.6100696479437322 -0.012721351851713698 36.444999694824226 -0.045887421484966044 43.32500076293946 -0.080419627634700189 3.2422275148545734 106.58899993896485 -0.012326388705537048 -0.0044975197603696485 -0.015884541234352397 1.7871682979274566 9.3513657729620281 35.409570871566416 55.885000228881843 6.7493500113487253 2.3216999948024752 1471.7500000000002 1.0000000180025095e-35 4.0006499946117406 0.0032878059948760504 0.0018449538626925002 0.031263082222209006
decision_type=8 10 10 8 10 10 10 10 10 10 10 10 10 10 10 2 8 10 10 2 10 10 10 10
left_child=3 -2 -3 11 7 10 -7 14 9 -8 18 -1 -11 -14 -5 16 19 -13 -6 -16 21 -21 23 -12
right_child=1 2 -4 4 5 6 8 -9 -10 12 22 17 13 -15 15 -17 -18 -19 -20 20 -22 -23 -24 -25
leaf_value=-1.5879719048932008e-05 6.2139192095037003e-05 -0.0017909194322245981 -0.00038717687534816541 0.00023166112126609518 0 -0.00067348741732187938 4.9887246257714502e-05 0.00045506592238332748 -0.00049443085648723185 0 -0.00038447840827644867 0 -0.00046489542166680249 0 0.00018832268145964402 9.8545368580065394e-05 -0.000435854207219951 0.00018908285338512201 0.00028131847751328723 -0.00039686875771007067 0 0 0 0
leaf_weight=256 139 77 93 170 134 75 339 75 93 101 144 165 169 103 159 502 120 1648 188 143 482 90 192 122
leaf_count=256 139 77 93 170 134 75 339 75 93 101 144 165 169 103 159 502 120 1648 188 143 482 90 192 122
internal_value=1.70556e-06 -0.000535206 -0.0010918 3.41669e-05 -2.59826e-05 -0.000102207 -0.000192229 4.00211e-05 -0.0001329 -6.93109e-05 0 0.000138655 -0.00020879 -0.000310238 1.43421e-05 -2.59329e-06 -6.53675e-05 0.000166887 0.000141782 -1.17155e-06 -5.95799e-05 -0.000227125 -0.000100772 -0.000210628
internal_weight=5779 309 170 5470 3401 1660 880 1741 805 712 780 2069 373 272 1666 1496 994 1813 322 874 715 233 458 266
internal_count=5779 309 170 5470 3401 1660 880 1741 805 712 780 2069 373 272 1666 1496 994 1813 322 874 715 233 458 266
is_linear=0
shrinkage=0.0759464


Tree=15
num_leaves=25
num_cat=0
split_feature=56 21 56 84 51 73 57 3 39 3 38 0 0 4 31 84 57 3 21 39 65 9 37 53
split_gain=0.0168208 0.0155438 0.00526449 0.00486557 0.00298425 0.00334207 0.00261783 0.0021141 0.00175756 0.00162479 0.00251696 0.00157254 0.00171544 0.00305472 0.00165711 0.00148341 0.00221027 0.00128224 0.00113489 0.00134733 0.0015835 0.00140314 0.00131577 0.00121553
threshold=57.194999694824226 0.024410154629043005 26.835000038146976 2.5000000000000004 0.94539330496525065 -0.042573762232645841 43.32500076293946 -0.020613724519990644 0.81155742092777083 -0.016002712418285898 7.0843881409298968 34.595001220703132 61.170000076293952 -0.0075055801106824992 0.0030394184426413002 3.5000000000000004 42.245000839233406 0.020727219062489605 -0.030669995504391648 0.19230773099694318 0.081839386121528065 -0.088714869285745082 21.420707476651618 0.98731302681290545
decision_type=10 10 8 2 10 8 10 10 10 10 8 2 2 10 10 2 10 10 10 10 10 10 10 10
left_child=2 3 -1 -2 5 8 9 -8 17 10 -7 14 13 -13 -11 18 -17 -4 -6 -20 22 -22 23 -21
right_child=1 -3 4 -5 15 6 7 -9 -10 11 -12 12 -14 -15 -16 16 -18 -19 19 20 21 -23 -24 -25
leaf_value=0.00023505157909642536 5.6480200524314047e-05 -0.0015756685404044622 0.00024056272247713226 -0.0006125133826535695 -1.5702606519045978e-05 -0.00050317349214640662 0 -0.0004654164524635282 -0.00013164222432291917 0.0003383832626630372 0 -0.00062127541821662606 0 0 0 7.9936137205873801e-07 -0.00036084433880709265 0 -1.4521061425686236e-05 0.00022014892928072467 0.00011521528057748079 -0.00018065078194669817 0 0
leaf_weight=655 119 70 319 92 395 109 98 227 119 133 97 80 342 109 81 487 107 85 300 1097 221 158 184 95
leaf_count=655 119 70 319 92 395 109 98 227 119 133 97 80 342 109 81 487 107 85 300 1097 221 158 184 95
internal_value=1.37023e-06 -0.000569514 3.26686e-05 -0.000180247 2.89403e-06 -7.20382e-05 -0.000141689 -0.000337339 7.56675e-05 -6.25853e-05 -0.000252102 0 -7.9912e-05 -0.000265084 0.000162874 5.0998e-05 -4.48131e-05 0.00016551 7.8972e-05 0.000102826 0.000129508 0 0.000167419 0.000196779
internal_weight=5779 281 5498 211 4843 1799 1276 325 523 951 206 745 531 189 214 3044 594 404 2450 2055 1755 379 1376 1192
internal_count=5779 281 5498 211 4843 1799 1276 325 523 951 206 745 531 189 214 3044 594 404 2450 2055 1755 379 1376 1192
is_linear=0
shrinkage=0.0759464


Tree=16
num_leaves=25
num_cat=0
split_feature=70 14 27 57 64 72 52 77 78 5 64 23 14 63 74 57 25 7 20 5 76 38 82 78
split_gain=0.0123475 0.00898974 0.00845709 0.00396004 0.00375727 0.00371559 0.0037064 0.00224815 0.00268291 0.00306674 0.00204444 0.001453 0.00139913 0.00136127 0.00133377 0.00273596 0.00363183 0.00125071 0.00183313 0.0013338 0.00150745 0.00135056 0.0012953 0.00128511
threshold=29.525000572204593 2.2525000572204594 5.766789667896167 36.704999923706062 46.916591069160297 33.949998855590827 58.266102420138346 0.022797718540964754 51.733522051755578 -0.016340404646837097 59.04667935966048 0.034023598196343208 2.5855000019073491 -0.019362192972277644 -0.03263071010347534 45.104999542236335 0.21221428032422457 -0.014347711025710499 -0.014982849135359598 0.026595243821581804 -0.047817353539136194 1.9296007508114854 17.359499955177309 45.534200793835701
decision_type=8 10 10 10 8 10 10 10 10 10 8 10 10 10 10 10 10 10 10 10 10 10 10 10
left_child=3 -2 4 10 -3 -6 -4 11 -9 -10 12 14 -1 -13 -5 -16 -17 18 -12 20 -19 -22 -23 -24
right_child=1 2 6 7 5 -7 -8 8 9 -11 17 13 -14 -15 15 16 -18 19 -20 -21 21 22 23 -25
leaf_value=0 -0.0011546401235179773 -0.00044724247118992625 -0.0011215714370311502 6.5929258200545429e-05 -2.3904145668388878e-05 0.00048838855002793604 -9.9855271765429698e-05 -1.363704366441783e-05 0 -0.00063421720299778727 0.00041138664985308792 0 0.00017090223728672042 0.00021921780283472536 0 0 -0.00056680277551549344 -0.00020332451643738657 0 -0.00025085121006544867 0.00032343099997449322 7.9712750303949462e-05 0 -0.00028786492127308541
leaf_weight=305 72 86 70 217 192 108 70 341 70 125 106 186 1589 286 272 90 143 153 241 125 97 584 116 135
leaf_count=305 72 86 70 217 192 108 70 341 70 125 106 186 1589 286 272 90 143 153 241 125 97 584 116 135
internal_value=3.24722e-07 -0.000324331 -0.000188446 4.00443e-05 0 0.000121854 -0.000693995 -4.95031e-05 -0.000179159 -0.000408916 8.83029e-05 0 0.00014228 0.000111756 -5.8663e-05 -0.000135216 -0.000327611 1.51743e-05 0.000145798 -1.26861e-05 4.05406e-06 5.05811e-05 4.94162e-06 -0.000122706
internal_weight=5779 598 526 5181 386 300 140 1730 536 195 3451 1194 1894 472 722 505 233 1557 347 1210 1085 932 835 251
internal_count=5779 598 526 5181 386 300 140 1730 536 195 3451 1194 1894 472 722 505 233 1557 347 1210 1085 932 835 251
is_linear=0
shrinkage=0.0759464


Tree=17
num_leaves=25
num_cat=0
split_feature=56 4 5 56 51 73 56 3 5 3 73 53 80 32 36 77 77 75 18 40 1 73 78 65
split_gain=0.0127341 0.0122084 0.00883209 0.0041046 0.00237587 0.0027739 0.00205475 0.00170218 0.0019264 0.00150065 0.00152436 0.00147053 0.00143559 0.00198388 0.00139802 0.00121152 0.00191269 0.00157223 0.00199403 0.00125227 0.00120132 0.00118287 0.00154307 0.00118034
threshold=57.194999694824226 -0.026273270307825496 -0.0085142664744102484 26.835000038146976 0.94539330496525065 -0.042573762232645841 35.429998397827156 -0.021026401769221648 -0.019878619919653846 -0.016002712418285898 0.010968431318590202 0.20091925342393566 2.0448603208335654 -0.0022522970260696498 62.980589136745898 -0.028290010267738596 0.029543944085328604 -0.030831617385616645 0.004242078133044851 1298.8025054931643 36.210000991821296 -0.0035685800584653996 42.900923487545171 -0.30121049459475907
decision_type=10 10 10 8 10 8 10 10 10 10 10 10 8 10 10 8 10 10 10 10 2 10 10 10
left_child=3 -2 -3 -1 5 14 9 -8 -9 10 -7 20 13 -13 -5 17 21 18 19 -6 -11 -17 -23 -18
right_child=1 2 -4 4 15 6 7 8 -10 11 -12 12 -14 -15 -16 16 23 -19 -20 -21 -22 22 -24 -25
leaf_value=0.00020582059269080518 0.00013130082378773575 -0.00013829724450131151 -0.0013487374738830767 0.00014157737253879139 -0.00060188160689586805 -0.00050441672066055981 0 0 -0.00044594375715890385 0.00031166864962161629 0 0 3.5305995692029906e-05 -0.00041787429195224145 -0.00013943614640701653 0.00020627194249961468 4.46241657626069e-05 2.7638723318945682e-05 0 0 0 -0.00012685952029336067 0.00011523642929836653 -0.0001547179358541623
leaf_weight=655 89 89 103 426 76 73 123 85 267 128 94 71 125 129 97 686 435 696 108 73 181 176 542 252
leaf_count=655 89 89 103 426 76 73 123 85 267 128 94 71 125 129 97 686 435 696 108 73 181 176 542 252
internal_value=0 -0.000496801 -0.000848414 2.7233e-05 6.77014e-07 -6.60052e-05 -0.000129722 -0.000260271 -0.000345389 -3.77803e-05 -0.000242182 0 -9.55956e-05 -0.000235491 6.7225e-05 4.39052e-05 7.75019e-05 -1.76146e-05 -0.000185359 -0.00036933 0.000133535 0.000129372 3.96989e-05 -1.15874e-05
internal_weight=5779 281 192 5498 4843 1799 1276 475 352 801 167 634 325 200 523 3044 2091 953 257 149 309 1404 718 687
internal_count=5779 281 192 5498 4843 1799 1276 475 352 801 167 634 325 200 523 3044 2091 953 257 149 309 1404 718 687
is_linear=0
shrinkage=0.0759464


Tree=18
num_leaves=25
num_cat=0
split_feature=52 70 45 56 80 45 6 6 3 51 47 65 68 2 43 70 52 58 3 9 27 20 60 41
split_gain=0.0484856 0.0099831 0.00789164 0.00296015 0.00226554 0.00236936 0.0021136 0.00247242 0.00200781 0.00193571 0.00215891 0.00230182 0.0018625 0.00181252 0.00170023 0.00164666 0.00283628 0.0013658 0.0016516 0.00112393 0.00161771 0.00135907 0.00109603 0.0010959
threshold=113.03918400104469 37.979999542236335 -0.009530551706966298 39.465000152587898 3.6691329525272591 -0.005258620020627199 0.0093840200248954016 -0.016945348428664294 -0.028653488500874045 -14.951999076066953 0.007655564601185951 0.21703880671055306 49.449249839782723 28.159999847412113 1238.8750000000002 18.464999198913578 26.909600234701934 43.914999008178718 0.021357529060213005 -0.4948382430143638 5.3716772811680888 0.0008447632528143001 0.030523845177114105 1783.5005037547348
decision_type=10 8 10 10 10 10 10 8 10 10 10 10 10 2 10 10 10 10 10 10 8 10 10 10
left_child=1 3 -3 6 9 -6 7 13 -8 12 17 -12 -5 -1 -9 -15 -17 23 -19 20 21 -10 -16 -11
right_child=-2 2 -4 4 5 -7 8 14 19 10 11 -13 -14 15 22 16 -18 18 -20 -21 -22 -23 -24 -25
leaf_value=0.0002863697563006699 -0.0019927142368787788 -0.0010056869287416157 0 -0.00049269293868042601 -0.00010988867554145202 0.00034333228491191851 -0.00039579213262915907 6.9481022955119882e-06 0 0 -0.00049126308470272598 0 0 0 0.00021095033546469319 0 -0.00059596187873460721 0 -0.00039547401180808764 5.6233834136492329e-05 8.6605311034674079e-05 -0.00043194257268034731 4.0381637096856834e-06 0.00036033129717332493
leaf_weight=88 70 96 85 138 70 146 73 571 78 259 113 81 79 399 1406 82 82 229 77 981 71 108 296 90
leaf_count=88 70 96 85 138 70 146 73 571 78 259 113 81 79 399 1406 82 82 229 77 981 71 108 296 90
internal_value=-5.61222e-06 1.6783e-05 -0.000534069 3.69684e-05 -5.93808e-05 0.000142671 6.88799e-05 0.000105057 -2.94276e-06 -0.000111232 -4.31632e-05 -0.000268696 -0.0003239 -9.53031e-06 0.000142988 -7.64534e-05 -0.000279193 5.91273e-06 -9.08693e-05 1.08541e-05 -0.000117119 -0.000257357 0.000181796 0.00012407
internal_weight=5768 5698 181 5517 1282 216 4235 2924 1311 1066 849 194 217 651 2273 563 164 655 306 1238 257 186 1702 349
internal_count=5768 5698 181 5517 1282 216 4235 2924 1311 1066 849 194 217 651 2273 563 164 655 306 1238 257 186 1702 349
is_linear=0
shrinkage=0.0759464


Tree=19
num_leaves=25
num_cat=0
split_feature=52 71 45 24 42 46 5 7 32 23 46 39 42 67 65 18 85 20 76 20 18 60 17 39
split_gain=0.0414127 0.0078703 0.00967745 0.00274101 0.00260576 0.00224343 0.00211105 0.00233858 0.00203529 0.00192815 0.00187272 0.00227909 0.00223248 0.00145906 0.00138391 0.00213995 0.00120922 0.00120092 0.00153865 0.00140342 0.00139644 0.00154926 0.00119611 0.00225591
threshold=113.03918400104469 37.43499946594239 -0.0066159750740835488 0.40881554752648108 1231.8750000000002 -0.020844972067039048 0.0053766922044802016 -0.029042767051510647 -0.006346162776203949 0.19323909037584433 0.0074391205823985005 0.59022918001170499 1458.2500000000002 0.8162246712733866 1.4883429770700121 -0.0080383237727006483 6.5000000000000009 -0.0029173041866412995 0.0099990941576056005 0.013150002211181502 -0.035058568339706692 0.0070513718927811006 0.025051001839382307 0.87940970792062356
decision_type=10 8 10 10 10 8 10 8 8 10 10 10 10 10 8 10 2 10 10 10 10 10 8 10
left_child=1 3 -3 5 9 -1 8 -8 13 -5 17 12 -12 -7 16 -16 -6 18 -9 -19 -21 -22 -10 -24
right_child=-2 2 -4 4 14 6 7 10 22 -11 11 -13 -14 -15 15 -17 -18 19 -20 20 21 -23 23 -25
leaf_value=-0.00027159324869233781 -0.0018415219947765218 -0.00092707051834676525 0 -0.00066940964072163432 0 2.0568453511941753e-05 -0.00029841281190823922 2.2662422696579627e-05 0.00010380536681632579 0 0 2.4503296068436493e-05 -0.00058854676389807675 -0.00034300464005537643 0.00037007420662753271 -2.03417680987785e-05 -0.00027316719752966759 -0.00011351958548896541 0.00030719094403339664 -0.00015053578008026206 0.00026394844285918434 0 0.00037847788184862467 0
leaf_weight=103 70 111 126 74 86 451 135 392 1849 78 85 158 89 70 110 138 163 320 243 70 278 144 315 110
leaf_count=103 70 111 126 74 86 451 135 392 1849 78 85 158 89 70 110 138 163 320 243 70 278 144 315 110
internal_value=-4.93722e-06 1.56071e-05 -0.000408915 3.61641e-05 -0.000104144 5.75042e-05 6.71747e-05 0 0.000109356 -0.000380957 2.86545e-05 -0.000121783 -0.000321352 -6.01145e-06 0 0.000106024 -0.000144403 7.12075e-05 0.000149869 0 8.9823e-05 0.00015725 0.000140899 0.000274891
internal_weight=5768 5698 237 5461 649 4812 4709 1914 2795 152 1779 332 174 521 497 248 249 1447 635 812 492 422 2274 425
internal_count=5768 5698 237 5461 649 4812 4709 1914 2795 152 1779 332 174 521 497 248 249 1447 635 812 492 422 2274 425
is_linear=0
shrinkage=0.0759464


Tree=20
num_leaves=25
num_cat=0
split_feature=52 70 49 1 67 29 65 49 56 10 70 74 78 18 29 73 73 45 83 19 74 9 32 75
split_gain=0.0353476 0.00725226 0.00840451 0.00260148 0.00280399 0.00221699 0.003239 0.00236205 0.00179507 0.00223401 0.00178993 0.0015572 0.00148505 0.00120732 0.00154489 0.00098597 0.000965288 0.00206354 0.00161544 0.00109486 0.00102727 0.00139061 0.000963377 0.000901306
threshold=113.03918400104469 37.979999542236335 0.0040617194809975015 107.47499847412111 0.45139049359171607 1248.850036621094 1.3181266577255999 0.020334008987065905 54.335000991821296 2.5792098280728468 25.739999771118168 -0.03263071010347534 39.730193934300452 -0.0029249581833219493 1853.7500000000002 0.074976681897091765 -0.005206650139046449 0.0014637072756845003 14.789003669443199 0.0030257957172899505 -0.0092544987085180479 0.34836278714378827 -0.0045537103080796988 0.035286537658691206
decision_type=10 8 10 2 10 8 10 8 8 2 10 10 10 10 10 10 10 10 10 10 10 10 10 10
left_child=1 3 -3 5 -5 6 7 16 9 10 15 -8 -11 14 -14 -7 20 19 -19 -18 21 22 -1 -15
right_child=-2 2 -4 4 -6 8 11 -9 -10 12 -12 -13 13 23 -16 -17 17 18 -20 -21 -22 -23 -24 -25
leaf_value=0 -0.0017018010546785956 -0.00087887095549520902 5.1246300565298355e-05 0 -0.00047865674062399285 0.00014928422089449835 0 -0.00036541610565340088 0.00043202495946060605 -0.000345029191601519 -0.00018650083340676459 -0.00045480533361874951 -0.00030123875831560178 0.00021777157688416678 2.318604408298466e-05 0 0.00011100662161785309 0 -0.00040339769199477724 -4.1264190721046611e-05 3.0883698689860369e-06 0 0.0003589580075346497 0
leaf_weight=80 70 111 70 112 115 1770 72 84 101 82 79 130 136 183 81 213 540 71 124 410 633 208 219 74
leaf_count=80 70 111 70 112 115 1770 72 84 101 82 79 130 136 183 81 213 540 71 124 410 633 208 219 74
internal_value=-4.95995e-06 1.3866e-05 -0.000455079 3.13632e-05 -0.000211846 4.39994e-05 -2.24743e-06 1.80568e-05 9.20028e-05 7.44344e-05 0.000112691 -0.000297819 -4.65369e-05 0 -0.000126623 0.000130477 3.72511e-05 -2.63904e-06 -0.000236081 3.30571e-05 8.75094e-05 0.000169973 0.000275325 0.000116405
internal_weight=5768 5698 181 5517 227 5290 2571 2369 2719 2618 2062 202 556 474 217 1983 2285 1145 195 950 1140 507 299 257
internal_count=5768 5698 181 5517 227 5290 2571 2369 2719 2618 2062 202 556 474 217 1983 2285 1145 195 950 1140 507 299 257
is_linear=0
shrinkage=0.0759464


Tree=21
num_leaves=25
num_cat=0
split_feature=56 72 5 7 84 78 44 24 44 52 9 11 56 9 78 2 68 4 56 73 19 9 4 25
split_gain=0.0319541 0.00776537 0.00271136 0.00241542 0.00280112 0.00240721 0.0028567 0.00250622 0.00232537 0.00182363 0.00202744 0.00180326 0.00243903 0.00186124 0.00145423 0.0012566 0.00129102 0.000980758 0.00120451 0.000995051 0.00148812 0.000915039 0.000890754 0.000878666
threshold=85.145000457763686 39.850000381469734 0.028159196993010002 -0.00083628685539294983 1.5000000000000002 66.836668903125897 1835.5000000000002 0.46680106383862952 1235.8750000000002 101.55193349790179 3.283921079075768 -0.061739599183158446 54.335000991821296 -2.5639678730602458 39.853301794208704 76.424999237060561 48.943000125885014 0.0063383982325344009 30.090000152587894 0.0012995446626889501 -0.010695746803674697 -0.53221122982505153 -0.011616070780358749 0.59886578896495024
decision_type=10 10 10 10 2 8 8 10 10 8 8 10 10 10 10 2 8 10 8 10 10 10 10 10
left_child=1 2 5 -4 -5 7 -7 9 -9 10 11 -1 13 -13 22 21 -17 -16 -19 20 -20 -10 -15 -21
right_child=-2 -3 3 4 -6 6 -8 8 15 -11 -12 12 -14 14 17 16 -18 18 19 23 -22 -23 -24 -25
leaf_value=-0.00017491645887042091 -0.0016181134917048394 -0.00064556216512891089 0 -0.00067904824878629335 -4.1154672211511734e-05 0 -0.00051509996613607976 -0.00038434308387506682 0.00033209964746434709 0.00046456722370807375 -0.00029170304503021126 -0.00017805826501498948 0.00050157670045795552 -0.00024737667665484527 0.00013703714756098034 -0.00036223783055810505 0 0.000165715899301876 -5.4566314412827404e-05 -0.0001680519196779559 0.00017785325576257793 0 0 0
leaf_weight=132 70 100 230 85 163 73 94 124 81 78 77 135 89 88 2134 84 73 334 190 280 345 84 373 252
leaf_count=132 70 100 230 85 163 73 94 124 81 78 77 135 89 88 2134 84 73 334 190 280 345 84 373 252
internal_value=-4.71262e-06 1.30872e-05 2.69371e-05 -0.000140323 -0.00030677 4.48242e-05 -0.00022532 5.62824e-05 -0.000104968 7.48196e-05 6.53242e-05 7.43164e-05 8.48694e-05 7.30698e-05 8.44655e-05 0 -0.000151071 0.000101815 3.98654e-05 0 7.35918e-05 0.00014897 -2.33604e-05 -7.30787e-05
internal_weight=5768 5698 5598 478 248 5120 167 4953 446 4507 4429 4352 4220 4131 3996 322 157 3535 1401 1067 535 165 461 532
internal_count=5768 5698 5598 478 248 5120 167 4953 446 4507 4429 4352 4220 4131 3996 322 157 3535 1401 1067 535 165 461 532
is_linear=0
shrinkage=0.0759464


Tree=22
num_leaves=25
num_cat=0
split_feature=69 47 53 5 49 80 66 38 64 3 66 66 11 33 78 26 2 67 48 64 34 3 34 82
split_gain=0.0288777 0.00512549 0.00285994 0.00239911 0.00236824 0.00209039 0.00137305 0.00150995 0.00191478 0.00202396 0.00186992 0.00242195 0.00151731 0.000900826 0.000918334 0.00115739 0.000942703 0.000864821 0.00131696 0.00105958 0.0012589 0.00133696 0.00111964 0.00101289
threshold=79.803015692530579 0.025671343752496006 -0.093771993997600639 0.041697522946448608 0.029305796050752602 2.0755621388086056 1.2264595388852875 29.036065222652685 45.591308351878105 -0.03430909098130789 8.1961949483380376 5.9645093120312529 0.56713696067674046 0.011721522887169251 38.872121042510528 6.7004749894142153 55.704999923706062 0.54321177290535794 0.00076519490722135009 52.01815700833545 -0.0068907923763513491 0.012222728155552301 0.0092954019081956506 13.046249985694887
decision_type=10 10 8 10 8 10 8 10 10 10 10 10 10 10 8 10 2 10 10 10 10 10 10 10
left_child=1 2 -1 4 6 -5 -4 8 9 -8 11 17 -9 14 -11 -16 -17 18 -10 -19 -21 22 23 -22
right_child=-2 -3 3 5 -6 -7 7 12 10 13 -12 -13 -14 -15 15 16 -18 19 -20 20 21 -23 -24 -25
leaf_value=-0.00030681112826627069 -0.0012851195748850128 -0.00055313642321090097 0.00019969667566230794 0 -0.0003579547841397005 -0.00054030724063830016 -0.00023211685040580669 0.00030447478095134081 0 0 0.00031166768825243552 -0.00046619322747593647 0 -1.5720904430854606e-05 0.00014612669454860025 -0.00021504773434733736 6.7125096742690985e-05 0.00017270091231348959 -0.00021576880019014299 0.00015155420524132565 0 8.2964642184503925e-05 0 -0.00025410734584448011
leaf_weight=137 100 88 399 86 74 73 104 247 290 267 78 82 155 258 1659 91 272 196 292 157 73 142 92 356
leaf_count=137 100 88 399 86 74 73 104 247 290 267 78 82 155 258 1659 91 272 196 292 157 73 142 92 356
internal_value=-4.70453e-06 1.58502e-05 2.69131e-05 3.74522e-05 4.80475e-05 -0.000241457 5.60497e-05 4.17177e-05 2.57761e-05 6.79893e-05 -3.12685e-05 -5.4121e-05 0.000187617 8.48127e-05 0.000101222 0.000119241 0 -2.56834e-05 -0.000101542 6.335e-06 -1.92677e-05 -7.72601e-05 -0.000143242 -0.000199922
internal_weight=5768 5668 5580 5443 5284 159 5210 4811 4409 2651 1758 1680 402 2547 2289 2022 363 1598 582 1016 820 663 521 429
internal_count=5768 5668 5580 5443 5284 159 5210 4811 4409 2651 1758 1680 402 2547 2289 2022 363 1598 582 1016 820 663 521 429
is_linear=0
shrinkage=0.0759464


Tree=23
num_leaves=25
num_cat=0
split_feature=16 4 45 49 6 40 83 65 70 64 20 18 4 39 79 71 59 70 18 51 6 64 54 51
split_gain=0.0276339 0.0040189 0.00248861 0.00277647 0.00249558 0.00313811 0.00198108 0.00332668 0.00202969 0.00191729 0.00176046 0.0040748 0.00172693 0.0015354 0.00172382 0.0017146 0.00149708 0.00125723 0.00106708 0.00127194 0.00103409 0.00142957 0.000958558 0.00135507
threshold=1.7224999666213991 0.051328450690735307 -0.009530551706966298 0.025715197422953653 -0.017883449958920498 1094.3725006103518 33.31360616507159 2.2498162378464852 31.175000190734867 56.568016929286919 0.020618505335116555 -0.022312085480470596 -0.0014475252351103998 0.87212657750494615 0.71405036686822509 27.909999847412113 0.05324793616268856 24.595000267028812 -0.034243777968606039 -6.1968621575437046 -0.016945348428664294 42.759362317681479 1213.8750000000002 8.8757112511810892
decision_type=8 10 8 8 10 8 8 8 10 10 10 10 10 8 10 10 10 10 10 10 10 10 10 8
left_child=-1 2 4 6 5 -2 8 -8 10 18 13 12 -12 15 -15 17 -11 20 -6 -20 -4 22 23 -22
right_child=1 -3 3 -5 9 -7 7 -9 -10 16 11 -13 -14 14 -16 -17 -18 -19 19 -21 21 -23 -24 -25
leaf_value=-0.0012833009778538656 -0.00069026252218050421 -0.00043998557179275865 0 -0.00037445560520713391 -0.00015888862408931689 0 0 0.00068141834875383976 -0.0003380242210723749 -0.00046912055225147232 -0.00049541592706209064 4.8556444393530723e-05 0 2.257138697281732e-05 -0.00033320132920517818 0.0003728714653346142 0 -0.00011908636704745519 0.00029665885301082126 0 0.00015326976575340303 4.6964506459554714e-05 0.00025093407154954143 -0.00018766422269076875
leaf_weight=96 83 107 457 81 70 73 71 79 70 84 131 797 123 590 87 159 72 113 147 234 238 1064 668 74
leaf_count=96 83 107 457 81 70 73 71 79 70 84 131 797 123 590 87 159 72 113 147 234 238 1064 668 74
internal_value=-4.50293e-06 1.51069e-05 2.59511e-05 4.78368e-05 -9.65477e-05 -0.000370977 5.75496e-05 0.000341741 4.56759e-05 -6.8383e-06 5.42307e-05 -2.35852e-05 -0.000295653 8.13054e-05 -6.00976e-06 0.000106814 -0.000251431 8.61746e-05 5.20222e-05 0.000121296 0.000100099 0.000123199 0.000194099 3.51371e-05
internal_weight=5768 5672 5565 4802 763 156 4721 150 4571 607 4501 1051 254 3450 677 2773 156 2614 451 381 2501 2044 980 312
internal_count=5768 5672 5565 4802 763 156 4721 150 4571 607 4501 1051 254 3450 677 2773 156 2614 451 381 2501 2044 980 312
is_linear=0
shrinkage=0.0759464


Tree=24
num_leaves=25
num_cat=0
split_feature=65 72 7 57 64 79 21 28 32 62 20 61 23 66 17 11 78 62 51 73 79 27 31 20
split_gain=0.0258821 0.00410032 0.00233267 0.00247391 0.00299668 0.00186411 0.00158946 0.00176679 0.00233476 0.00152028 0.00191532 0.00174441 0.00117182 0.0014642 0.00176237 0.00182129 0.00154113 0.00214228 0.00155463 0.00183546 0.00168899 0.00145989 0.00122423 0.00168818
threshold=5.4045169160440958 41.924999237060554 0.043283377577798703 66.315002441406264 59.04667935966048 -0.55051656642963642 -0.055993087452280092 1788.799987792969 0.0018132242838970003 -0.014991287284574549 -0.00074432758824699986 0.014910529125272201 -0.078895368754346482 1.4824715740711731 0.028183927705561506 0.55653360900619564 38.872121042510528 -0.0041716960014877491 2.3800610842257588 -0.021211258898900846 0.97535164042180356 6.2737718855894462 0.0020103778727899005 0.013771759587704801
decision_type=10 10 10 10 10 10 8 10 10 10 10 10 8 8 8 10 8 8 8 10 10 10 10 10
left_child=1 2 3 4 6 -4 7 8 -1 -6 11 -11 21 -14 16 -16 17 -15 19 -18 22 -8 23 -21
right_child=-2 -3 5 -5 9 -7 12 -9 -10 10 -12 -13 13 14 15 -17 18 -19 -20 20 -22 -23 -24 -25
leaf_value=-0.00058384887706753241 -0.0013238137895739989 -0.00054649394072354995 -0.00055101970710812642 0.00047006067241145281 -0.00038943393702294915 0 0.00017076942471416494 3.1679963737522714e-05 0 0 0.00010146621987649809 -0.00041150879219880551 0.00015863977182931492 0 0.00029380921253160556 0 1.3559009994647259e-05 -0.00040699392057826143 4.5612044067667114e-05 -0.00055716158457837684 0 0 -1.4252023630008513e-05 0
leaf_weight=82 85 74 71 75 128 82 882 90 72 99 184 117 437 74 231 310 366 133 1507 138 87 238 151 70
leaf_count=82 85 74 71 75 128 82 882 90 72 99 184 117 437 74 231 310 366 133 1507 138 87 238 151 70
internal_value=-7.76413e-06 9.84375e-06 1.92373e-05 2.93403e-05 2.10547e-05 -0.000265945 4.15693e-05 -0.000134399 -0.000306874 -0.000146053 -3.90637e-05 -0.000212564 5.33704e-05 2.73831e-05 4.8882e-06 0.000132099 -1.77584e-05 -0.000216275 0 -8.47411e-05 -0.000191456 0.000124289 -0.00026957 -0.000398991
internal_weight=5783 5698 5624 5471 5396 153 4868 244 154 528 400 216 4624 3504 3067 541 2526 207 2319 812 446 1120 359 208
internal_count=5783 5698 5624 5471 5396 153 4868 244 154 528 400 216 4624 3504 3067 541 2526 207 2319 812 446 1120 359 208
is_linear=0
shrinkage=0.0759464


end of trees

feature_importances:
OVX_close=32
OVX_high=18
VIX_rsi=18
CLF_log_return=16
CLF_return_lag_2=15
OVX_macd=15
CLF_macd=14
NGF_return_lag_3=14
VIX_log_return=14
ESF_macd=13
VIX_macd=12
NGF_return_lag_1=11
GCF_log_return=11
ESF_log_return=11
VIX_return_lag_1=11
CLF_return_lag_1=10
NGF_return_lag_5=10
OVX_return_lag_3=10
VIX_atr=10
ESF_bollinger_pband=9
OVX_rsi=9
VIX_close=9
VIX_return_lag_5=9
CLF_return_lag_5=8
NGF_atr=8
GCF_bollinger_pband=8
ESF_return_lag_5=8
ESF_atr=8
OVX_return_lag_5=8
OVX_bollinger_pband=8
VIX_sma_20=8
CLF_return_lag_3=7
NGF_macd=7
NGF_bollinger_pband=7
GCF_macd=7
OVX_sma_20=7
VIX_return_lag_3=7
CLF_low=6
CLF_bollinger_pband=6
NGF_low=6
NGF_log_return=6
NGF_sma_20=6
NGF_ema_12=6
GCF_return_lag_3=6
GCF_atr=6
GCF_sma_20=6
ESF_low=6
ESF_return_lag_2=6
ESF_return_lag_3=6
OVX_return_lag_1=6
VIX_high=6
dayofweek=6
CLF_atr=5
GCF_return_lag_1=5
GCF_return_lag_5=5
ESF_return_lag_1=5
VIX_return_lag_2=5
CLF_high=4
NGF_close=4
NGF_return_lag_2=4
NGF_rsi=4
ESF_close=4
ESF_high=4
OVX_low=4
OVX_atr=4
OVX_ema_12=4
CLF_ema_12=3
GCF_high=3
GCF_low=3
GCF_return_lag_2=3
GCF_rsi=3
ESF_sma_20=3
VIX_low=3
CLF_close=2
CLF_rsi=2
CLF_sma_20=2
GCF_ema_12=2
ESF_rsi=2
OVX_return_lag_2=2
VIX_bollinger_pband=2
VIX_ema_12=2
month=2
NGF_high=1
GCF_close=1
OVX_log_return=1

parameters:
[boosting: gbdt]
[objective: regression]
[metric: rmse]
[tree_learner: serial]
[device_type: cpu]
[data_sample_strategy: bagging]
[data: ]
[valid: ]
[num_iterations: 25]
[learning_rate: 0.0759464]
[num_leaves: 25]
[num_threads: 0]
[seed: 42]
[deterministic: 0]
[force_col_wise: 0]
[force_row_wise: 0]
[histogram_pool_size: -1]
[max_depth: -1]
[min_data_in_leaf: 70]
[min_sum_hessian_in_leaf: 0.001]
[bagging_fraction: 0.904907]
[pos_bagging_fraction: 1]
[neg_bagging_fraction: 1]
[bagging_freq: 6]
[bagging_seed: 400]
[bagging_by_query: 0]
[feature_fraction: 0.636912]
[feature_fraction_bynode: 1]
[feature_fraction_seed: 30056]
[extra_trees: 0]
[extra_seed: 12879]
[early_stopping_round: 0]
[early_stopping_min_delta: 0]
[first_metric_only: 0]
[max_delta_step: 0]
[lambda_l1: 0.153049]
[lambda_l2: 0.0681509]
[linear_lambda: 0]
[min_gain_to_split: 0]
[drop_rate: 0.1]
[max_drop: 50]
[skip_drop: 0.5]
[xgboost_dart_mode: 0]
[uniform_drop: 0]
[drop_seed: 17869]
[top_rate: 0.2]
[other_rate: 0.1]
[min_data_per_group: 100]
[max_cat_threshold: 32]
[cat_l2: 10]
[cat_smooth: 10]
[max_cat_to_onehot: 4]
[top_k: 20]
[monotone_constraints: ]
[monotone_constraints_method: basic]
[monotone_penalty: 0]
[feature_contri: ]
[forcedsplits_filename: ]
[refit_decay_rate: 0.9]
[cegb_tradeoff: 1]
[cegb_penalty_split: 0]
[cegb_penalty_feature_lazy: ]
[cegb_penalty_feature_coupled: ]
[path_smooth: 0]
[interaction_constraints: ]
[verbosity: -1]
[saved_feature_importance_type: 0]
[use_quantized_grad: 0]
[num_grad_quant_bins: 4]
[quant_train_renew_leaf: 0]
[stochastic_rounding: 1]
[linear_tree: 0]
[max_bin: 255]
[max_bin_by_feature: ]
[min_data_in_bin: 3]
[bin_construct_sample_cnt: 200000]
[data_random_seed: 175]
[is_enable_sparse: 1]
[enable_bundle: 1]
[use_missing: 1]
[zero_as_missing: 0]
[feature_pre_filter: 0]
[pre_partition: 0]
[two_round: 0]
[header: 0]
[label_column: ]
[weight_column: ]
[group_column: ]
[ignore_column: ]
[categorical_feature: ]
[forcedbins_filename: ]
[precise_float_parser: 0]
[parser_config_file: ]
[objective_seed: 16083]
[num_class: 1]
[is_unbalance: 0]
[scale_pos_weight: 1]
[sigmoid: 1]
[boost_from_average: 1]
[reg_sqrt: 0]
[alpha: 0.9]
[fair_c: 1]
[poisson_max_delta_step: 0.7]
[tweedie_variance_power: 1.5]
[lambdarank_truncation_level: 30]
[lambdarank_norm: 1]
[label_gain: ]
[lambdarank_position_bias_regularization: 0]
[eval_at: ]
[multi_error_top_k: 1]
[auc_mu_weights: ]
[num_machines: 1]
[local_listen_port: 12400]
[time_out: 120]
[machine_list_filename: ]
[machines: ]
[gpu_platform_id: -1]
[gpu_device_id: -1]
[gpu_use_dp: 0]
[num_gpu: 1]

end of parameters

pandas_categorical:[]
