tree
version=v4
num_class=1
num_tree_per_iteration=1
label_index=0
max_feature_idx=86
objective=regression
feature_names=CLF_close CLF_high CLF_low CLF_log_return CLF_return_lag_1 CLF_return_lag_2 CLF_return_lag_3 CLF_return_lag_5 CLF_rsi CLF_macd CLF_atr CLF_bollinger_pband CLF_sma_20 CLF_ema_12 NGF_close NGF_high NGF_low NGF_log_return NGF_return_lag_1 NGF_return_lag_2 NGF_return_lag_3 NGF_return_lag_5 NGF_rsi NGF_macd NGF_atr NGF_bollinger_pband NGF_sma_20 NGF_ema_12 GCF_close GCF_high GCF_low GCF_log_return GCF_return_lag_1 GCF_return_lag_2 GCF_return_lag_3 GCF_return_lag_5 GCF_rsi GCF_macd GCF_atr GCF_bollinger_pband GCF_sma_20 GCF_ema_12 ESF_close ESF_high ESF_low ESF_log_return ESF_return_lag_1 ESF_return_lag_2 ESF_return_lag_3 ESF_return_lag_5 ESF_rsi ESF_macd ESF_atr ESF_bollinger_pband ESF_sma_20 ESF_ema_12 OVX_close OVX_high OVX_low OVX_log_return OVX_return_lag_1 OVX_return_lag_2 OVX_return_lag_3 OVX_return_lag_5 OVX_rsi OVX_macd OVX_atr OVX_bollinger_pband OVX_sma_20 OVX_ema_12 VIX_close VIX_high VIX_low VIX_log_return VIX_return_lag_1 VIX_return_lag_2 VIX_return_lag_3 VIX_return_lag_5 VIX_rsi VIX_macd VIX_atr VIX_bollinger_pband VIX_sma_20 VIX_ema_12 dayofweek month CLF_overnight_gap
feature_infos=[10.010000228881836:145.28999328613281] [13.689999580383301:147.27000427246094] [-16.739999771118164:143.22000122070312] [-0.28220613410748507:0.31963363001506739] [-3.0596606527245438:0.37662331847024161] [-3.0596606527245438:0.37662331847024161] [-3.0596606527245438:0.37662331847024161] [-3.0596606527245438:0.37662331847024161] [13.38643652311714:83.210323620614091] [-9.8281223802334967:7.97885172563943] [0:10.452948508274901] [-0.41281397817354781:1.4043454832463376] [15.709000062942504:138.99549942016603] [12.291231566310916:140.80144695919438] [1.4819999933242798:15.378000259399414] [1.5670000314712524:15.779999732971191] [1.4320000410079956:14.85099983215332] [-0.30047975442423092:0.38172674938692641] [-0.25953710489588089:0.46481176972812022] [-0.25953710489588089:0.46481176972812022] [-0.25953710489588089:0.46481176972812022] [-0.25953710489588089:0.46481176972812022] [18.044605362972419:90.712653795761199] [-1.1013067389130224:1.0014697105002559] [0:0.90881418667804525] [-0.39331285298471508:1.5222821752089954] [1.660400003194809:13.632850074768069] [1.6222197076543536:13.996008695092531] [255.1000061035156:4529.10009765625] [256.10000610351562:4556.2998046875] [255:4502] [-0.098205791666101896:0.086431656660303502] [-0.093537657837483301:0.090276852010222106] [-0.093537657837483301:0.090276852010222106] [-0.093537657837483301:0.090276852010222106] [-0.093537657837483301:0.090276852010222106] [16.555741582929272:87.904153828387336] [-54.381705690513854:161.0150279738391] [0:97.227721193022717] [-0.45381279025607418:1.4579485613048675] [259.26999816894534:4320.8700195312504] [258.77246879729984:4383.5456758642604] [676:6982.5] [694.75:6994] [665.75:6969] [-0.109552441509657:0.1320221173165245] [-0.1037648367952522:0.14113355780022441] [-0.1037648367952522:0.14113355780022441] [-0.1037648367952522:0.14113355780022441] [-0.1037648367952522:0.14113355780022441] [14.108148414180109:88.011432871879066] [-229.5234008326338:118.85145603935509] [0:225.50356219258967] [-0.49529788249361201:1.2895570765549609] [736.25:6875.5395019531252] [720.46685627641943:6903.9879961157712] [14.5:325.14999389648438] [14.869999885559082:517.19000244140625] [13.930000305175779:213.58999633789065] [-0.62225072502498813:0.63607329626369979] [-0.4632649658851884:1.3577311672249306] [-0.4632649658851884:1.3577311672249306] [-0.4632649658851884:1.3577311672249306] [-0.4632649658851884:1.3577311672249306] [22.645342283431063:92.248920880423697] [-20.638006536848678:35.412549322046047] [0:82.552051007336871] [-0.30576588235305752:1.565497204701664] [15.597999954223631:166.58600044250488] [15.225394406259817:187.36498022544225] [9.1400003433227539:82.69000244140625] [9.3100004196166992:89.529998779296875] [8.5600004196166992:72.760002136230469] [-0.44244875916441467:0.76824502946630258] [-0.35753873962348431:1.1559792516603906] [-0.35753873962348431:1.1559792516603906] [-0.35753873962348431:1.1559792516603906] [-0.35753873962348431:1.1559792516603906] [24.368040061278009:91.037512365341044] [-5.4502543009591307:14.577704716716717] [0.5483063062588599:13.271699221808236] [-0.23851463087285141:1.5609696354247931] [9.7824999809265112:65.028999710083013] [9.7214706984371517:68.422373952761433] [0:4] [1:12] [-0.98874430337475949:0.27055315860086476]
tree_sizes=2087 2190 2194 2187 2192 2194 2190 2203 2212 2208 2211 2208 2227 2204 2219 2202 2222 2211 2216 2202 2216 2241 2231 2199 2213 2218 2218 2220 2226 2229 2239

Tree=0
num_leaves=22
num_cat=0
split_feature=56 58 56 39 56 58 2 20 56 32 58 67 1 52 73 82 9 8 80 11 66
split_gain=0.240787 0.104941 0.0404276 0.0109121 0.00932563 0.00836051 0.00731904 0.00704573 0.00668986 0.00533273 0.00506193 0.00485633 0.00406702 0.00388755 0.00279551 0.00272882 0.00271288 0.00252886 0.0024079 0.00240176 0.00255823
threshold=52.469999313354499 92.555000305175795 37.264999389648445 0.76624133563098384 43.570001602172859 61.960000991821296 47.510000228881843 0.0051909309420309011 24.32499980926514 -0.0094387399827761485 53.704999923706062 0.97504900355760449 26.494999885559086 37.370370031883503 -0.045152960771961043 15.29874987602234 -1.0995801428949432 49.283644300542555 3.7114778485310804 0.55639404540536497 5.7832450983576722
decision_type=10 10 8 10 10 10 2 10 10 10 10 10 2 10 10 10 10 10 8 10 10
left_child=2 3 8 6 12 10 7 13 -1 -8 -5 15 14 -2 -4 -6 -14 -10 -18 20 -11
right_child=1 -3 4 5 11 -7 9 -9 17 19 -12 -13 16 -15 -16 -17 18 -19 -20 -21 -22
leaf_value=0.015430475291313386 0.01907602140171934 0.022034366360263149 0.017247440359156634 0.018349213073717403 0.017084329883403176 0.019093868530025711 0.017721751766761794 0.017003995526834011 0.015924218186342216 0.016540797690696312 0.016879724078773306 0.017269428921168433 0.016325800412468474 0.017765501680515411 0.016364563017471627 0.016375274392673691 0.016044356083868873 0.015732715482028602 0.016765536063098472 0.016082494878725838 0.017500904231474494
leaf_weight=445 36 47 35 40 46 58 54 44 873 55 34 59 350 35 143 568 1911 1420 37 38 36
leaf_count=445 36 47 35 40 46 58 54 44 873 55 34 59 350 35 143 568 1911 1420 37 38 36
internal_value=0.0161485 0.0180619 0.0159935 0.0176277 0.0162099 0.0182979 0.0173308 0.0178844 0.0157447 0.016983 0.017674 0.0165021 0.0161304 0.01843 0.0165382 0.0164284 0.0160988 0.0158056 0.0160581 0.0166737 0.0169206
internal_weight=6364 477 5887 430 3149 132 298 115 2738 183 74 673 2476 71 178 614 2298 2293 1948 129 91
internal_count=6364 477 5887 430 3149 132 298 115 2738 183 74 673 2476 71 178 614 2298 2293 1948 129 91
is_linear=0
shrinkage=1


Tree=1
num_leaves=22
num_cat=0
split_feature=56 2 56 5 56 60 51 27 56 46 20 1 67 68 3 42 52 3 36 3 82
split_gain=0.200034 0.0895565 0.0335853 0.0125771 0.00796638 0.00690211 0.00592997 0.00716787 0.00577876 0.00560385 0.0040565 0.00388211 0.00334051 0.00470826 0.00311501 0.00287137 0.00281287 0.00277677 0.00270809 0.00262651 0.0024158
threshold=52.469999313354499 27.559999465942386 37.264999389648445 0.055521698557080959 40.619998931884773 -0.028277475561053245 -1.4171433089690024 6.6105951141483343 28.365000724792484 0.0046714410792081012 -0.0023760486260580495 26.494999885559086 0.97504900355760449 38.884500122070321 0.0046704582209410013 967.75000000000011 20.076854862269858 0.013542838944016502 53.687045160299022 0.0096882588415847012 31.372999954223641
decision_type=10 2 8 10 10 10 10 10 10 10 10 2 10 10 10 10 10 10 10 10 10
left_child=2 -2 8 5 11 17 7 9 -1 10 -7 20 -6 -14 -8 16 -13 18 -3 -10 -4
right_child=1 3 4 -5 12 6 14 -9 19 -11 -12 15 13 -15 -16 -17 -18 -19 -20 -21 -22
leaf_value=-0.00054093843622128525 0.0054139967184707524 0.0014413116033520194 0.00052536961901318948 0.0026632903615228781 0.00020904765455542453 0.0022044375446965236 0.0012618427077111241 0.00081656737166075884 -0.00020352604130865893 0.0028816260212213419 0.00097689742797929199 0.00048463965005870395 0.00029893898234968717 0.0015954972379325005 0.00023115604043719157 -0.00011623506893650608 -0.00012783031512478992 -5.6153582413241776e-05 0.00033176837707279202 -0.00044212766742315781 -0.00027069115473232536
leaf_weight=974 47 35 140 50 913 46 56 51 1256 43 39 132 62 34 39 1724 106 37 34 508 38
leaf_count=974 47 35 140 50 913 46 56 51 1256 43 39 132 62 34 39 1724 106 37 34 508 38
internal_value=2.89704e-07 0.00174425 -0.000141016 0.00134314 5.61894e-05 0.00116943 0.00140415 0.00170423 -0.000367825 0.00205791 0.00164121 -4.05147e-05 0.00026129 0.000758137 0.000838719 -7.64357e-05 0.000211859 0.00056272 0.00089458 -0.000272239 0.000355424
internal_weight=6364 477 5887 430 3149 380 274 179 2738 128 85 2140 1009 96 95 1962 238 106 69 1764 178
internal_count=6364 477 5887 430 3149 380 274 179 2738 128 85 2140 1009 96 95 1962 238 106 69 1764 178
is_linear=0
shrinkage=0.0885445


Tree=2
num_leaves=22
num_cat=0
split_feature=56 1 56 56 60 13 49 86 13 67 19 77 51 76 3 12 4 56 54 9 10
split_gain=0.166554 0.0680967 0.0322164 0.0115481 0.00946082 0.00734389 0.0106763 0.0104434 0.00539748 0.00473316 0.00524658 0.00465301 0.00416429 0.00294044 0.00291971 0.00278274 0.00428681 0.00270583 0.00299754 0.0030163 0.00226351
threshold=55.215000152587898 28.210000038146976 37.264999389648445 45.805000305175788 -0.028704316234402696 48.339550416517817 -0.0092894510771960471 -0.00037044791219510302 93.993850697363584 0.91968478576359514 0.0008447632528143001 -0.076753801977258632 -39.208752816540247 -0.017426507975144796 -0.011288855797348398 21.889500045776369 0.0020513415804793004 39.704999923706062 1202.3924987792971 -1.1235147695466663 2.6292045958516455
decision_type=10 2 8 10 10 10 10 10 10 10 10 10 10 10 10 8 10 10 10 8 2
left_child=2 -2 8 15 13 6 -6 -8 20 11 -11 -5 -7 -3 -13 16 -4 18 19 -17 -1
right_child=1 4 3 9 5 12 7 -9 -10 10 -12 14 -14 -15 -16 17 -18 -19 -20 -21 -22
leaf_value=-0.00029089940803082452 0.0053865810504183809 7.8111337317474931e-06 0.001104647131202911 0.0010793513278668366 0.0032603637271254988 0.0019113070069667569 0.0025508321526188241 0.00045946941559651315 -0.00056943198189365754 0.00032582969783741852 0.0017520461988464458 0.00058174015311639432 0.00081833669616951973 0.0010575745593507824 8.202126818022036e-05 0.00062452770772902897 -0.00016187344360881926 0.00013807299411260996 -0.00017787893369986091 -1.1729160622884299e-07 0.00011461881120410506
leaf_weight=2022 38 35 44 58 46 43 39 36 602 39 42 132 75 52 300 65 40 664 981 897 114
leaf_count=2022 38 35 44 58 46 43 39 36 602 39 42 132 75 52 300 65 40 664 981 897 114
internal_value=2.64053e-07 0.00183934 -0.000111306 7.66682e-05 0.00142586 0.00171365 0.00219835 0.00154698 -0.000335256 0.000438339 0.00106535 0.000334691 0.00121662 0.000635256 0.000234713 -7.43721e-08 0.000501542 -1.62369e-05 -6.89707e-05 4.20884e-05 -0.000269257
internal_weight=6364 364 6000 3262 326 239 121 75 2738 571 81 490 118 87 432 2691 84 2607 1943 962 2136
internal_count=6364 364 6000 3262 326 239 121 75 2738 571 81 490 118 87 432 2691 84 2607 1943 962 2136
is_linear=0
shrinkage=0.0885445


Tree=3
num_leaves=22
num_cat=0
split_feature=56 58 58 39 32 0 56 86 20 51 13 12 73 59 13 45 85 46 12 4 9
split_gain=0.139613 0.0681659 0.0229187 0.00813683 0.00640683 0.00629694 0.00611617 0.00502149 0.00842753 0.00720803 0.00441057 0.0037112 0.00473065 0.00400466 0.00366349 0.00266543 0.00258662 0.00283839 0.00248297 0.00310211 0.00225342
threshold=51.239999771118171 92.555000305175795 32.43499946594239 0.84438748536725494 0.0117170624534441 49.625000000000007 39.704999923706062 0.0033445263963218447 0.016446038544470003 -2.0675874130010352 59.190882500024813 65.263250160217311 -0.042594147452803439 0.023170661855411955 93.993850697363584 -0.0042241717736643996 6.5000000000000009 -0.0083399127753965973 21.889500045776369 -0.0006292455904898499 3.283921079075768
decision_type=10 10 8 10 10 2 10 10 10 10 8 10 10 10 10 10 2 10 10 10 10
left_child=2 3 14 5 15 7 10 8 9 -2 18 -7 -13 -14 -1 -5 17 -8 19 -4 -19
right_child=1 -3 6 4 -6 11 16 -9 -10 -11 -12 12 13 -15 -16 -17 -18 20 -20 -21 -22
leaf_value=-0.00029760200219546262 0.0030836124589794143 0.0045985291490249604 0.0010131850970891457 0.0017474913813333587 0.0025921440007834321 -5.2102939096124699e-05 -5.95467459749657e-05 0.00045865793223464696 0.00054731343130479072 0.0013670818745371721 -0.00019716441578194856 0.0014899696158163099 -7.7474748974196869e-05 0.0010558500656200668 -0.00057462542090183589 0.00064672214974660375 7.2547717222835371e-05 0.00056578509265421001 2.1344913115559001e-06 -1.610398615007359e-05 -0.00018719754662945739
leaf_weight=1525 34 47 44 35 42 59 99 43 41 44 1169 49 55 44 496 34 653 284 1485 48 35
leaf_count=1525 34 47 44 35 42 59 99 43 41 44 1169 49 55 44 496 34 653 284 1485 48 35
internal_value=1.07302e-07 0.00138034 -0.000124487 0.00106523 0.00172992 0.000865277 3.17036e-06 0.00127874 0.00157508 0.00211531 -6.68275e-05 0.000541694 0.000778411 0.000426225 -0.00036559 0.00120508 0.000182642 0.000354631 2.97888e-05 0.000476165 0.000483169
internal_weight=6365 527 5838 480 111 369 3817 162 119 78 2746 207 148 99 2021 69 1071 418 1577 92 319
internal_count=6365 527 5838 480 111 369 3817 162 119 78 2746 207 148 99 2021 69 1071 418 1577 92 319
is_linear=0
shrinkage=0.0885445


Tree=4
num_leaves=22
num_cat=0
split_feature=56 1 56 5 56 86 20 67 8 13 13 61 61 46 9 60 1 44 74 7 75
split_gain=0.116625 0.0549636 0.0200197 0.00795301 0.00617606 0.00590038 0.00869046 0.00480308 0.00465188 0.00324965 0.00274869 0.0027236 0.00324744 0.00251973 0.00250876 0.00288575 0.00223508 0.00251226 0.00396211 0.00215971 0.00211716
threshold=52.469999313354499 28.210000038146976 33.30999946594239 0.055521698557080959 39.704999923706062 -0.0029830699436184977 -0.0282376510117297 1.0348843655287321 47.914525691995166 59.190882500024813 93.993850697363584 0.012004739285580603 0.059976033680090156 -0.0094471721797120493 0.66243213973671555 0.0165093385619836 71.295001983642592 1968.8750000000002 -0.0051727114289068987 0.04822201896711651 -0.0019990513392192494
decision_type=10 2 8 10 10 10 10 10 10 8 10 10 10 10 10 10 2 10 10 10 8
left_child=2 -2 10 5 9 6 -3 11 13 19 -1 14 -13 -8 15 -7 17 18 -6 20 -4
right_child=1 3 4 -5 16 7 8 -9 -10 -11 -12 12 -14 -15 -16 -17 -18 -19 -20 -21 -22
leaf_value=-0.00027643009506361056 0.0045623042363220137 0.0026010168067919772 -9.3151321213763721e-05 0.0020915871880867552 0.0011990827834469644 -0.00039897017454689686 0.00087511270244481688 0.0016247261265148773 0.00023408030915006363 -0.00017295321423015328 -0.00051614491351670896 0.0013934375303265359 0.00024686872807419308 0.0019380232708298003 0.00083493832329175851 0.00063173656501783356 5.9813067297416681e-05 0.00021905969392933331 0.00010723612638821726 0.0006888567371470866 0.00011333324910232601
leaf_weight=1474 38 34 824 51 57 57 34 34 41 1191 503 45 34 36 39 34 565 451 48 37 738
leaf_count=1474 38 34 824 51 57 57 34 34 41 1191 503 45 34 36 39 34 565 451 48 37 738
internal_value=9.78028e-08 0.00133172 -0.00010778 0.00105208 8.30198e-06 0.000915448 0.00136245 0.000648721 0.000983063 -6.22281e-05 -0.00033742 0.000489945 0.000899978 0.00142175 0.000240772 -1.38709e-05 0.000183841 0.000309876 0.000699953 2.02445e-05 4.40669e-06
internal_weight=6365 477 5888 439 3911 388 145 243 111 2790 1977 209 79 70 130 91 1121 556 105 1599 1562
internal_count=6365 477 5888 439 3911 388 145 243 111 2790 1977 209 79 70 130 91 1121 556 105 1599 1562
is_linear=0
shrinkage=0.0885445


Tree=5
num_leaves=22
num_cat=0
split_feature=56 58 58 56 25 0 48 51 67 34 52 2 77 17 13 3 1 73 42 58 11
split_gain=0.0977147 0.0423486 0.0186678 0.00834565 0.00700734 0.00528761 0.00491356 0.00601463 0.00465726 0.00416944 0.00365709 0.00408354 0.00298222 0.0028557 0.0025408 0.00229574 0.00225386 0.00221751 0.00215816 0.00221236 0.00244594
threshold=55.215000152587898 92.555000305175795 32.43499946594239 45.344999313354499 0.14368503640293087 43.480001449584968 0.021049113991485104 -41.350375952711424 0.91968478576359514 0.0028887945167742003 31.717481847001221 37.274999618530281 -0.076753801977258632 0.048213961023051151 93.993850697363584 -0.011288855797348398 26.494999885559086 -0.045152960771961043 967.75000000000011 37.194999694824226 0.5619823278640691
decision_type=10 10 8 10 10 2 10 10 10 10 10 2 10 10 10 10 2 10 10 10 10
left_child=2 4 14 16 5 -2 7 -6 12 -10 -9 -12 -5 15 -1 -14 17 -4 -18 -20 -21
right_child=1 -3 3 8 6 -7 -8 10 9 -11 11 -13 13 -15 -16 -17 18 -19 19 20 -22
leaf_value=-0.00024789166968181459 0.0024923407686423238 0.0038890801102933682 0.00090906982344115877 0.00081106467158488244 0.0019813395044563043 0.0010685972220713094 -0.00018934867723395638 0.0013720952829334517 0.0014514374831284275 0.00018052524524436072 0.0011048182458854373 2.7793925279796101e-05 0.00038197982774721079 0.00073586775664061233 -0.00047859509766563335 -6.6052657576794527e-05 0.00019651462062486851 0.00012274441687643164 -0.00011413067696759219 0.00020680628415879418 -0.00011191550752598841
leaf_weight=1525 39 47 35 61 37 43 34 49 50 34 46 69 130 58 496 289 263 143 2156 414 347
leaf_count=1525 39 47 35 61 37 43 34 49 50 34 46 69 130 58 496 289 263 143 2156 414 347
internal_value=8.91425e-08 0.00140874 -8.53548e-05 2.59306e-05 0.00104099 0.00174574 0.00079508 0.0009616 0.000323848 0.000937021 0.000731537 0.000458604 0.00022811 0.000153561 -0.000304512 7.2955e-05 -2.92523e-05 0.000277359 -4.64149e-05 -6.83177e-05 6.14758e-05
internal_weight=6365 364 6001 3980 317 82 235 201 622 84 164 115 538 477 2021 419 3358 178 3180 2917 761
internal_count=6365 364 6001 3980 317 82 235 201 622 84 164 115 538 477 2021 419 3358 178 3180 2917 761
is_linear=0
shrinkage=0.0885445


Tree=6
num_leaves=22
num_cat=0
split_feature=56 13 56 60 49 56 37 20 67 53 83 76 85 73 61 71 81 6 13 25 15
split_gain=0.0812002 0.0358925 0.0155054 0.0107289 0.00907322 0.00692308 0.00502738 0.00573948 0.00385358 0.00462873 0.00277488 0.00252867 0.00221807 0.00262413 0.00252699 0.00215386 0.00261109 0.00309522 0.00199969 0.00282811 0.00266493
threshold=55.215000152587898 26.195046706411585 33.30999946594239 -0.028704316234402696 -0.017958637171882345 43.570001602172859 20.880719103033758 -0.030374415991436646 0.91968478576359514 0.49874045009113227 31.167431545700396 -0.017426507975144796 6.5000000000000009 0.040194915530994357 -0.022695566459293898 19.005000114440922 0.051346160870947559 0.0044909212386094509 59.190882500024813 0.086608013191209463 4.8719999790191659
decision_type=10 10 8 10 10 10 10 10 10 10 10 10 2 10 8 8 10 10 8 10 10
left_child=2 -2 -1 11 -5 15 7 -6 12 -10 -9 -3 13 14 -7 18 17 -17 19 20 -4
right_child=1 3 5 4 6 8 -8 10 9 -11 -12 -13 -14 -15 -16 16 -18 -19 -20 -21 -22
leaf_value=-0.00028105292226739278 0.004023246469063174 -0.00040116069079967084 -3.7387986292426216e-05 0.0023650771421766799 0.0017635160568656228 0.0006731121919215853 0.0019259974491289125 0.00090078357218625644 0.00034568432620929777 0.0016079392091125258 4.0040665244104076e-05 0.00056858487378376357 5.9722637909168754e-05 0.00091294103537831715 1.056149724840245e-07 -7.0902504528049828e-06 1.2370397660364493e-05 0.0011709648249343216 -0.00021216189428670555 -6.3888314028895168e-05 0.0010404070882578259
leaf_weight=1977 34 37 35 50 37 67 39 63 69 34 55 49 432 58 126 36 1566 34 763 768 37
leaf_count=1977 34 37 35 50 37 67 39 63 69 34 55 49 432 58 126 36 1566 34 763 768 37
internal_value=-1.11368e-07 0.001284 -7.79884e-05 0.00100178 0.00130151 2.17528e-05 0.0010274 0.000801301 0.000257487 0.000762351 0.00049959 0.000151369 0.000181351 0.000390687 0.00023374 -3.54522e-05 3.60205e-05 0.000565108 -0.000108396 -1.41426e-05 0.000516479
internal_weight=6366 364 6002 330 244 4025 194 155 786 103 118 86 683 251 193 3239 1636 70 1603 840 72
internal_count=6366 364 6002 330 244 4025 194 155 786 103 118 86 683 251 193 3239 1636 70 1603 840 72
is_linear=0
shrinkage=0.0885445


Tree=7
num_leaves=22
num_cat=0
split_feature=58 60 56 25 56 4 80 67 79 71 3 64 73 0 12 4 11 3 22 58 12
split_gain=0.0682128 0.0394435 0.0177623 0.0121267 0.00871364 0.0066534 0.00447336 0.00424493 0.00490255 0.004568 0.00418111 0.0022234 0.00213686 0.0019306 0.00189837 0.00238431 0.00181062 0.00204856 0.00200963 0.0017025 0.00181833
threshold=63.430000305175788 0.045845680935192902 45.344999313354499 0.20319374996370407 32.514999389648445 0.048460999863760158 6.155295695251974 0.78640938008034988 1.4837617867844657 36.719999313354499 -0.0095203976920830973 56.454866406066131 -0.074090883504691632 95.975002288818374 21.889500045776369 0.0016474371462218004 0.60526366276912025 -0.013398268731211449 54.864723538365531 37.364999771118171 58.075000381469742
decision_type=10 10 10 10 8 10 10 10 10 10 10 10 10 2 10 8 10 10 8 10 10
left_child=2 3 4 -2 13 7 -5 11 10 -10 -9 12 -4 -1 15 -6 19 18 -18 20 -16
right_child=1 -3 5 6 14 -7 -8 8 9 -11 -12 -13 -14 -15 16 -17 17 -19 -20 -21 -22
leaf_value=-0.00022171111780020235 0.0020852492549869118 0.003805444819709861 0.00072433429814710367 0.00088252937514881908 0.00078281253079710161 0.0013746484179796125 -0.00025510042382743481 0.00083259806850542436 0.0018336318982734713 0.00045879740157153247 -0.00017141179396007526 -0.00030303728438348397 0.00014439496729062154 -0.00044611449840238236 7.4677937914021286e-05 -6.9577667120742642e-05 -8.1503946707825017e-05 -0.00014982727917918677 0.00049016724112471808 0.00017084621946572513 -0.00012330236340445919
leaf_weight=1424 48 48 57 64 50 46 47 60 40 36 71 75 395 381 695 53 117 1380 82 434 763
leaf_count=1424 48 48 57 64 50 46 47 60 40 36 71 75 395 381 695 53 117 1380 82 434 763
internal_value=-1.01507e-07 0.0015809 -5.32378e-05 0.000909334 -0.000110498 0.000341637 0.00040083 0.000276898 0.000616655 0.00118239 0.00028844 0.000143445 0.000217529 -0.000269078 -3.04091e-05 0.000344204 -4.15255e-05 -0.000111529 0.000154059 1.68968e-05 -2.8929e-05
internal_weight=6366 207 6159 159 5379 780 111 734 207 76 131 527 452 1805 3574 103 3471 1579 199 1892 1458
internal_count=6366 207 6159 159 5379 780 111 734 207 76 131 527 452 1805 3574 103 3471 1579 199 1892 1458
is_linear=0
shrinkage=0.0885445


Tree=8
num_leaves=22
num_cat=0
split_feature=58 56 56 32 17 50 19 50 79 3 20 4 58 13 67 4 74 77 72 84 10
split_gain=0.0612694 0.0308537 0.00911345 0.00574138 0.00832174 0.00405899 0.00259422 0.00313912 0.00517943 0.00361881 0.00309308 0.00257744 0.0021888 0.00218617 0.0020573 0.0019687 0.00259847 0.00194118 0.00184244 0.0017244 0.00237847
threshold=92.555000305175795 51.239999771118171 32.514999389648445 0.0099635957675976022 -0.010087593914310798 36.252309438547726 -0.026094582489905947 40.716231387518661 0.97535164042180356 0.0033264958878376507 -0.0023760486260580495 0.045528083487091413 37.194999694824226 59.190882500024813 0.73469784987417641 -0.0012762316287939998 0.036449000676443959 0.015911324912245204 22.384999275207523 2.5000000000000004 2.5572064373172547
decision_type=10 10 8 10 10 10 10 10 10 10 10 10 10 8 10 10 10 10 10 2 2
left_child=1 2 18 5 -5 -3 14 -8 9 10 -9 12 13 -4 -7 16 -14 -13 -1 20 -17
right_child=-2 3 11 4 -6 6 7 8 -10 -11 -12 17 15 -15 -16 19 -18 -19 -20 -21 -22
leaf_value=-0.00026254314655117339 0.0031850252650884136 0.0011930008902714263 9.1517643753887824e-06 0.0021658047416275544 0.00056262045098567025 0.00036050314936723275 -0.00014366887234875601 0.001371147429187795 0.0015957738732334961 -4.6960260057297099e-05 0.00030281207492879571 0.0001540296160931778 0.00033482524851125977 -0.00015032262583420606 -0.00050345201272736445 0.00035448057632793482 -6.242081457168242e-05 0.00098420725282353139 0.0002175947893600948 -0.00020816261400410788 -9.7133979409809269e-05
leaf_weight=1740 47 56 1539 44 60 47 44 42 39 65 43 63 382 1199 40 158 195 34 65 247 217
leaf_count=1740 47 56 1539 44 60 47 44 42 39 65 43 63 382 1199 40 158 195 34 65 247 217
internal_value=-9.25184e-08 -2.37831e-05 -7.98804e-05 0.000658618 0.00124089 0.000497564 0.000375863 0.000529916 0.00068673 0.000450378 0.000830695 -5.88509e-06 -1.69945e-05 -6.06838e-05 -3.67176e-05 8.2773e-05 0.000200574 0.00044502 -0.000245253 -2.65053e-05 9.31463e-05
internal_weight=6366 6319 5839 480 104 376 320 233 189 150 85 4034 3937 2738 87 1199 577 97 1805 622 375
internal_count=6366 6319 5839 480 104 376 320 233 189 150 85 4034 3937 2738 87 1199 577 97 1805 622 375
is_linear=0
shrinkage=0.0885445


Tree=9
num_leaves=22
num_cat=0
split_feature=58 57 56 39 17 32 0 25 52 32 4 4 77 31 54 27 3 50 45 62 81
split_gain=0.0508997 0.0257722 0.00739655 0.00484578 0.00596082 0.00639272 0.00318515 0.00469982 0.00274086 0.00246936 0.00238924 0.00227901 0.00200707 0.00182621 0.00205491 0.00174499 0.00173761 0.00287054 0.00218626 0.00243292 0.00249856
threshold=92.555000305175795 53.715000152587898 32.514999389648445 0.76624133563098384 0.013412107246171001 0.0099635957675976022 49.625000000000007 0.17168983529625256 31.946703220778357 -0.0094387399827761485 0.045528083487091413 -0.056559094877092549 0.010968976659334001 0.0025177116934006006 3886.3090026855475 6.8957991114464345 -0.011029248172740699 39.257696983617258 -0.00065095657588439991 0.023464883456321854 0.56410614668050252
decision_type=10 10 8 10 10 10 2 10 10 10 10 8 10 10 8 10 8 8 10 10 10
left_child=1 2 15 6 5 -5 7 -3 -9 -8 11 -4 -12 14 -11 -1 17 -13 19 -19 -21
right_child=-2 3 10 4 -6 -7 9 8 -10 13 12 16 -14 -15 -16 -17 -18 18 -20 20 -22
leaf_value=-0.00024218356101236111 0.0029030087032092412 0.0015519230707992581 0.00069274036017122321 0.00084328462709211817 0.00024317882762660758 0.0022731488586830505 0.0006685999563831583 0.0010039178456588912 3.7973063350376266e-05 -0.00013033347873270886 0.00012519685453287033 -0.00027583921532323965 0.00097670983856231732 -0.00045433907019223527 0.00064330047667285242 0.00019409474586644821 -6.3615331669780826e-05 0.00017687158604986122 3.7880139767147199e-06 0.0012609907752376005 0.00022485716985678637
leaf_weight=1726 47 39 35 66 56 39 60 37 61 63 60 165 34 48 47 75 2719 373 543 36 37
leaf_count=1726 47 39 35 66 56 39 60 37 61 63 60 165 34 48 47 75 2719 373 543 36 37
internal_value=-8.43266e-08 -2.16772e-05 -7.49998e-05 0.000577996 0.000980917 0.00137438 0.000395262 0.000729827 0.000402667 0.000185008 -7.9391e-06 -1.85497e-05 0.000433191 1.36601e-06 0.000200219 -0.000224015 -2.49776e-05 6.60589e-05 0.000123099 0.00026836 0.000735827
internal_weight=6366 6319 5803 516 161 105 355 137 98 218 4002 3908 94 158 110 1801 3873 1154 989 446 73
internal_count=6366 6319 5803 516 161 105 355 137 98 218 4002 3908 94 158 110 1801 3873 1154 989 446 73
is_linear=0
shrinkage=0.0885445


Tree=10
num_leaves=22
num_cat=0
split_feature=66 56 60 47 58 86 49 65 13 31 25 40 71 3 75 67 56 77 78 7 75
split_gain=0.0427332 0.0233585 0.00656353 0.00836777 0.00632694 0.00565104 0.00443039 0.00436435 0.00364846 0.00349174 0.0028991 0.0025495 0.00192045 0.00189909 0.00247475 0.00246295 0.00276052 0.00310831 0.00208772 0.00206246 0.00183506
threshold=48.58663439522747 51.239999771118171 0.014910529125272201 -0.016163948225387095 32.43499946594239 -0.0030716800473471373 -0.0094471721797120493 3.200282613168405 47.271454642940739 -0.0035305131176861493 0.27643071352507836 1218.9549957275392 18.295000076293949 0.00026101160204000006 -0.11478643851533739 0.67558616336070709 43.800001144409187 0.0024848749894090002 58.431137279610716 0.04822201896711651 -0.10995421205238988
decision_type=10 10 10 10 8 10 10 10 10 10 10 10 10 8 10 10 10 10 10 10 8
left_child=1 4 5 -4 12 6 -3 9 -5 -7 -11 -10 -1 15 -15 20 18 -18 -17 -16 -6
right_child=-2 2 3 8 13 7 -8 -9 11 10 -12 -13 -14 14 19 16 17 -19 -20 -21 -22
leaf_value=-0.00024195282195408967 0.0030419410566426895 0.0016770354032054971 0.0022132279438121867 0.0012607049783365043 -0.00062906546806423033 -0.00031384767333133564 0.00043289019453055964 -0.00064810891717572078 -0.0002498221750982475 0.0011401315403799911 0.00016964168270748296 0.00069897363290767199 -3.9988895139387009e-05 0.00056739503636364576 -8.9619090503140691e-05 0.00028876149719834728 0.00015317579473115206 0.0011220298372034026 -0.0002467868266318201 0.00056096661529283934 2.8960400832550969e-05
leaf_weight=1535 36 34 35 57 34 50 66 53 34 43 55 64 486 48 1870 178 50 54 84 39 1461
leaf_count=1535 36 34 35 57 34 50 66 53 34 43 55 64 486 48 1870 178 50 54 84 39 1461
internal_value=-7.68574e-08 -1.73774e-05 0.00056918 0.00097665 -6.67009e-05 0.000311973 0.0008559 4.13621e-05 0.000697423 0.000288267 0.000595469 0.0003698 -0.000193386 3.57711e-07 -6.05391e-05 6.43959e-05 0.000270267 0.000656235 0.000117059 -7.63279e-05 1.39953e-05
internal_weight=6366 6330 491 190 5839 301 100 201 155 148 98 98 2021 3818 1957 1861 366 104 262 1909 1495
internal_count=6366 6330 491 190 5839 301 100 201 155 148 98 98 2021 3818 1957 1861 366 104 262 1909 1495
is_linear=0
shrinkage=0.0885445


Tree=11
num_leaves=22
num_cat=0
split_feature=68 57 60 78 68 6 86 47 11 0 38 15 9 29 56 1 76 26 3 13 66
split_gain=0.0369274 0.0195845 0.00615789 0.00722376 0.0052206 0.0050263 0.00431228 0.00531443 0.00438463 0.00292799 0.00388536 0.00488035 0.00217213 0.00205686 0.00173785 0.00337384 0.00219642 0.00246316 0.00209229 0.00194369 0.00199695
threshold=126.98575000762942 53.715000152587898 1.0000000180025095e-35 63.578045079427916 30.953000068664554 -0.035156323512416841 -1.0000000180025095e-35 -0.0032159949050814996 0.67228898865400988 51.155000686645515 23.652245234036069 3.3504999876022343 -0.96324725898751484 1323.299987792969 41.805000305175788 71.295001983642592 -0.061019557586649245 2.9194499790668496 -0.011029248172740699 25.737799633767377 1.1987330638257829
decision_type=10 10 10 10 8 10 10 10 10 2 10 10 10 10 10 2 10 10 10 10 8
left_child=1 4 9 5 -1 -4 7 -7 -8 10 11 -3 -6 -11 19 16 -16 18 -18 -14 -21
right_child=-2 2 3 -5 12 6 8 -9 -10 13 -12 -13 14 -15 15 -17 17 -19 -20 20 -22
leaf_value=-0.00021703149926534244 0.002910203511250127 0.00018989631200064662 0.0015026541882315312 0.0019555384433165572 0.00011067275635162478 0.0017211782635204093 -0.00050989487624222558 0.00031778983128806439 0.00076919912171999132 -0.00055995365297133496 -0.00024868685868167315 0.0014103204023423305 0.00027183337480746477 0.00017321387854395446 0.00093238439857297733 -0.00013739746933455374 0.00042990547780616568 0.00064128596157668905 -0.00022808702113906454 0.00031138995764337359 -9.9088818215603409e-05
leaf_weight=1326 34 54 41 37 847 34 55 56 34 48 41 49 124 80 39 241 61 73 100 96 2896
leaf_count=1326 34 54 41 37 847 34 55 56 34 48 41 49 124 80 39 241 61 73 100 96 2896
internal_value=-7.00534e-08 -1.56969e-05 0.00050006 0.000810851 -6.27132e-05 0.000618335 0.000415781 0.000847959 -2.12522e-05 0.000206409 0.000480305 0.000770486 -1.70071e-05 -0.000101724 -4.67991e-05 0.000104046 0.000317188 0.000214656 2.12145e-05 -7.16818e-05 -8.59184e-05
internal_weight=6366 6332 529 257 5803 220 179 90 89 272 144 103 4477 128 3630 514 273 234 161 3116 2992
internal_count=6366 6332 529 257 5803 220 179 90 89 272 144 103 4477 128 3630 514 273 234 161 3116 2992
is_linear=0
shrinkage=0.0885445


Tree=12
num_leaves=22
num_cat=0
split_feature=58 57 56 4 7 19 35 13 33 4 19 4 46 4 12 58 47 51 51 19 3
split_gain=0.0317165 0.01454 0.00447607 0.0038781 0.00366425 0.00372673 0.00704331 0.00288369 0.00279177 0.0026021 0.00236297 0.00205399 0.00203608 0.00195498 0.00330969 0.00247775 0.00203448 0.00198698 0.00219065 0.00191214 0.00187141
threshold=92.555000305175795 53.715000152587898 29.755000114440922 0.06131087424043246 0.043283377577798703 -0.028830008146414347 0.012498829925115152 47.617785395045722 -0.00022871271092044998 0.006172811171161501 -0.011698313589201049 0.045528083487091413 0.0058298883376959503 -0.0012762316287939998 21.889500045776369 37.055000305175788 -0.022138667137123449 12.870694873834738 19.284391209373329 0.0096113358753817015 -0.0016028833548589999
decision_type=10 10 8 10 10 10 10 10 10 10 10 10 10 8 8 10 10 10 10 10 8
left_child=1 2 -1 4 5 9 7 8 -7 -3 -9 13 -12 14 -4 16 -16 -17 -19 -13 -15
right_child=-2 3 11 -5 -6 6 -8 10 -10 -11 12 19 -14 20 15 17 -18 18 -20 -21 -22
leaf_value=-0.00020827523398221889 0.0022915746396630419 0.00033074299760795753 0.00082440294734577844 0.0012595452590828768 -0.00030397618559762962 0.0013596762297139254 0.0016430855456580837 0.00088290417655097089 0.00037732437783137844 -0.00059160214922991238 0.00026650699338968265 0.00070059226311622238 -0.00049457319119025839 5.114773701201111e-06 0.00059928600724914256 5.1447187459053716e-05 -5.7118929805618077e-05 0.00084436656329312464 0.00021309437367102453 -0.00011826048921731325 -0.00015200793808763438
leaf_weight=1215 47 65 41 41 57 43 44 35 48 38 108 59 37 1092 38 370 1435 60 153 36 1304
leaf_count=1215 47 65 41 41 57 43 44 35 48 38 108 59 37 1092 38 370 1435 60 153 36 1304
internal_value=-6.38498e-08 -1.71088e-05 -5.71603e-05 0.000433315 0.000361999 0.000452813 0.000603996 0.000435287 0.000841513 -9.53964e-06 0.000229918 -1.71419e-05 7.23003e-05 -2.57566e-05 3.66756e-05 2.0967e-05 -4.01852e-05 0.000175473 0.000390918 0.00039029 -8.03978e-05
internal_weight=6366 6319 5803 516 475 418 315 271 91 103 180 4588 145 4493 2097 2056 1473 583 213 95 2396
internal_count=6366 6319 5803 516 475 418 315 271 91 103 180 4588 145 4493 2097 2056 1473 583 213 95 2396
is_linear=0
shrinkage=0.0885445


Tree=13
num_leaves=22
num_cat=0
split_feature=68 57 32 58 60 74 7 6 63 62 53 42 80 60 80 80 57 83 5 83 5
split_gain=0.0269714 0.0132592 0.00498306 0.00377449 0.00374198 0.00373251 0.00325095 0.00278411 0.00361855 0.00369078 0.00272232 0.00191018 0.00194808 0.00194187 0.00194036 0.00173947 0.00251115 0.00232202 0.0016953 0.0016824 0.00162712
threshold=126.98575000762942 53.715000152587898 0.021690589741865853 28.295000076293949 0.058263936759527908 0.059610401065439654 0.043283377577798703 -0.0027745310517640997 -0.005397429589970199 -1.0000000180025095e-35 0.32236345244590087 990.62500000000011 1.764782140595017 0.0030369199808210003 1.4491975757187305 3.1947431279862881 48.815000534057624 27.494546726081925 0.013888604045374802 25.715049010005139 -0.013151114408661348
decision_type=10 10 10 8 10 10 10 10 10 10 10 10 10 8 8 8 8 10 10 10 10
left_child=1 3 4 -1 6 -6 7 20 9 -9 -10 12 14 -14 18 -13 19 -18 -5 -17 -3
right_child=-2 2 -4 11 5 -7 -8 8 10 -11 -12 15 13 -15 -16 16 17 -19 -20 -21 -22
leaf_value=-0.00019868872556369073 0.002487143812469329 -0.00024793220327800432 0.0013742283510061221 -7.1724484932457681e-05 0.0013933280785699586 0.00029428692042050619 -0.00045428311352426707 0.00046659225379447566 0.00078457081035321992 0.0017075676754004152 -0.00022948330896941453 -4.9844930474117683e-05 0.00057664866445131995 -0.00013389672204079764 0.00084421928263755464 0.00026173173712921191 0.00097445131697217907 0.00012804870564741885 0.00069593541292967825 -0.00021151445920284049 0.00029207928809661156
leaf_weight=1113 34 74 39 67 47 50 50 42 35 34 51 3995 37 163 54 107 48 54 34 131 107
leaf_count=1113 34 74 39 67 47 50 50 42 35 34 51 3995 37 163 54 107 48 54 34 131 107
internal_value=-5.81957e-08 -1.34134e-05 0.000410959 -5.20991e-05 0.000334291 0.000826812 0.000212727 0.000309959 0.000576608 0.00102177 0.000183213 -1.73114e-05 0.000180155 -2.44581e-06 0.000415768 -3.34822e-05 0.00015878 0.000526356 0.000186696 1.24747e-06 7.13011e-05
internal_weight=6366 6332 529 5803 490 97 393 343 162 76 86 4690 355 200 155 4335 340 102 101 238 181
internal_count=6366 6332 529 5803 490 97 393 343 162 76 86 4690 355 200 155 4335 340 102 101 238 181
is_linear=0
shrinkage=0.0885445


Tree=14
num_leaves=22
num_cat=0
split_feature=65 4 83 56 60 5 27 3 14 19 65 85 58 75 51 76 11 50 59 71 37
split_gain=0.0231771 0.0111472 0.00564274 0.00559636 0.00590272 0.0055093 0.00323462 0.00393668 0.00278324 0.00362342 0.00367872 0.00270876 0.00234279 0.00212869 0.0028069 0.00219162 0.00201306 0.00193275 0.00253114 0.00191017 0.00217995
threshold=7.83476094387379 0.048460999863760158 23.545729282736385 45.344999313354499 -0.0047422327520716496 0.055521698557080959 1.7614859460182448 -0.054267460799610444 2.8964999914169316 0.024895284202979203 0.97034007711623371 5.5000000000000009 31.785000801086429 0.029262450764424953 -14.000241009710178 0.070444452188954412 0.96552856958473798 40.282634352483981 0.068418677236715908 45.244998931884773 -10.869670748748147
decision_type=10 10 8 10 10 10 10 10 10 10 10 2 8 8 10 10 10 8 10 10 10
left_child=1 2 12 -3 -5 6 -4 -8 9 10 -9 13 -1 15 -15 -10 17 -14 -19 20 -13
right_child=-2 3 5 4 -6 -7 7 8 11 -11 -12 19 16 14 -16 -17 -18 18 -20 -21 -22
leaf_value=-0.00015558635067542076 0.0022402562215752394 9.8365289538446073e-05 -0.00075772686398315847 0.000578486643015447 0.0020851855570798265 0.0010702888160813832 0.0008572278777401423 0.00035491650094892697 -2.286968115212191e-05 -0.00033820512200238341 0.0013875901825416048 0.00036577482360073663 -0.00021979820071857032 0.00013901738378324185 0.0010148324237278736 0.00073918853774496097 -0.00029655706296482425 -2.0728232033537475e-06 0.00043226424286943709 -0.00070866933991847313 -0.0001121323084765313
leaf_weight=1798 36 58 34 47 36 47 54 119 228 42 35 87 303 64 52 34 204 2407 110 36 535
leaf_count=1798 36 58 34 47 36 47 54 119 228 42 35 87 303 64 52 34 204 2407 110 36 535
internal_value=-5.30424e-08 -1.27941e-05 -3.05296e-05 0.000765679 0.00123199 0.000128261 9.47195e-05 0.000117257 8.48232e-05 0.000390796 0.000589615 2.69363e-05 -7.55456e-05 0.000215837 0.000531624 7.60234e-05 -2.79553e-05 -8.52449e-06 1.69089e-05 -8.15813e-05 -4.52868e-05
internal_weight=6366 6330 6189 141 83 1367 1320 1286 1232 196 154 1036 4822 378 116 262 3024 2820 2517 658 622
internal_count=6366 6330 6189 141 83 1367 1320 1286 1232 196 154 1036 4822 378 116 262 3024 2820 2517 658 622
is_linear=0
shrinkage=0.0885445


Tree=15
num_leaves=22
num_cat=0
split_feature=68 56 67 64 9 60 27 4 77 86 32 71 1 25 21 28 35 76 73 21 0
split_gain=0.0200248 0.00946816 0.00499851 0.00626751 0.00452821 0.00430354 0.00503656 0.00353269 0.00297877 0.00386206 0.00375713 0.0028651 0.00413165 0.00201755 0.00200186 0.0017679 0.00173096 0.00160367 0.00240494 0.00158329 0.00137498
threshold=126.98575000762942 51.239999771118171 1.0104194885296389 63.325840050958952 -1.3834033097467786 0.040490995106589107 4.0394342182553489 -0.037067281124358649 -0.030758509284764295 -0.0030716800473471373 -0.0053052757521672494 18.634999275207523 47.465000152587898 0.11200524453363957 0.013771759587704801 1228.100036621094 -0.00087590848782369984 0.10884922921470595 -0.10570155784221263 0.022748146096348402 90.024997711181655
decision_type=10 10 10 10 10 10 10 10 10 10 10 8 2 8 10 10 10 8 10 10 2
left_child=1 11 3 5 -4 7 -7 -3 14 -10 -11 12 13 -1 -9 -15 -17 -13 -19 -20 -14
right_child=-2 2 4 -5 -6 6 -8 8 9 10 -12 17 20 15 -16 16 -18 18 19 -21 -22
leaf_value=0.00068823722587007391 0.0021430581227469439 0.0010176091613555481 0.0015600855468712348 -0.00063544687351040074 0.00022978696750417527 0.00024378453146948445 0.0017678516811792458 1.9373438414769643e-05 0.00088457559594427122 0.0007066485636586054 -0.00043060077485403944 4.1591461916124684e-06 -0.00010697803960681429 -3.0485067871358213e-05 -0.0008419507571034696 4.5635387746649698e-06 0.00071936343760168318 0.0009378510435310058 -3.8356420806062066e-06 0.00062357122378028571 -0.00025920858218398188
leaf_weight=49 34 38 47 56 35 34 34 56 61 36 62 2426 2158 283 34 49 58 34 149 40 593
leaf_count=49 34 38 47 56 35 34 34 56 61 36 62 2426 2158 283 34 49 58 34 149 40 593
internal_value=-4.83448e-08 -1.15559e-05 0.000361067 0.000235133 0.000992275 0.000372464 0.00100582 0.000222401 0.000101043 0.000331454 -1.28357e-05 -4.30173e-05 -9.9538e-05 0.000152718 -0.000306016 8.54344e-05 0.000392025 2.50466e-05 0.000252279 0.000128949 -0.000139793
internal_weight=6366 6332 493 411 82 355 68 287 249 159 98 5839 3190 439 90 390 107 2649 223 189 2751
internal_count=6366 6332 493 411 82 355 68 287 249 159 98 5839 3190 439 90 390 107 2649 223 189 2751
is_linear=0
shrinkage=0.0885445


Tree=16
num_leaves=22
num_cat=0
split_feature=66 56 20 4 18 76 21 73 21 38 62 60 58 19 85 86 73 9 67 9 79
split_gain=0.0172868 0.00761419 0.00405716 0.0043236 0.00463453 0.00534104 0.00333003 0.00429538 0.00412835 0.00269226 0.00257681 0.00252154 0.00248702 0.00221649 0.00219005 0.00227974 0.00547795 0.00224898 0.00362224 0.00563962 0.00223427
threshold=48.58663439522747 51.239999771118171 0.052227277733781503 0.055521698557080959 -0.035668067492236548 -0.015881656589347395 0.022748146096348402 -0.070411544798834935 -0.035090993583309797 27.26753699204502 -0.018447755483212647 -1.0000000180025095e-35 37.194999694824226 -0.0023760486260580495 6.5000000000000009 0.0072871345210646981 -0.045850973840880445 -0.57644658113634495 0.6124085328475245 2.6316466111833994 -0.036971729088127896
decision_type=10 10 10 10 10 10 10 10 10 10 10 10 8 8 2 10 10 10 10 10 10
left_child=1 12 3 4 5 -3 7 -6 -9 10 -10 -12 -1 -8 17 -16 -17 20 -19 -20 -14
right_child=-2 2 -4 -5 6 -7 13 8 9 -11 11 -13 14 -15 15 16 -18 18 19 -21 -22
leaf_value=-9.7025283085537515e-05 0.0019347549243076347 0.0017365230991873344 -0.00051938963259922808 0.0012343776775120008 0.001199443916551719 0.00025550201605477779 -0.00080411335279491206 -0.00058788147647328255 8.9877173107619487e-05 -0.00024319928214736465 0.00042954264894620584 0.0014471526899699891 0.00064960161084105978 0.00016827742791408534 -9.0027130086350096e-05 0.0010907923809308875 -3.8323047812701368e-05 -9.9949473883412841e-06 0.0011995556143518955 -2.9356428187465893e-05 0.00011552949150913675
leaf_weight=2918 36 35 41 44 37 42 40 45 53 43 42 35 106 34 1402 45 134 969 52 67 146
leaf_count=2918 36 35 41 44 37 42 40 45 53 43 42 35 106 34 1402 45 134 969 52 67 146
internal_value=-4.40642e-08 -1.10477e-05 0.000323841 0.000400668 0.000310316 0.000928693 0.000165589 0.00031734 0.000167626 0.000364145 0.000565036 0.000892093 -3.92083e-05 -0.000357339 1.85492e-05 -5.20352e-05 0.000245533 0.000101828 4.66221e-05 0.000507647 0.000340179
internal_weight=6366 6330 491 450 406 77 329 255 218 173 130 77 5839 74 2921 1581 179 1340 1088 119 252
internal_count=6366 6330 491 450 406 77 329 255 218 173 130 77 5839 74 2921 1581 179 1340 1088 119 252
is_linear=0
shrinkage=0.0885445


Tree=17
num_leaves=22
num_cat=0
split_feature=65 4 44 66 47 24 59 4 31 49 7 82 45 63 35 83 4 54 64 46 61
split_gain=0.0148013 0.00749209 0.00429414 0.0034282 0.002936 0.00287871 0.0029894 0.00283191 0.00279016 0.00318998 0.00295645 0.00276429 0.00232659 0.00230535 0.00203852 0.00186166 0.00166718 0.00185318 0.00209299 0.00196007 0.00187938
threshold=7.83476094387379 0.045528083487091413 805.87500000000011 5.8427180918320554 -0.037680659603139592 0.25806778604926783 -0.020319807376176696 -0.024679183837065199 -0.013440639086023448 0.013266167079726351 -0.019879259243497548 38.461749935150159 0.010673613526209451 0.058263936759527908 0.014816404916139751 22.351233969097738 -0.0010847439130260499 1323.4562500000004 48.853092002416453 -0.0084825244214875983 -0.020481434780982296
decision_type=10 10 10 10 8 10 10 10 8 10 10 10 10 8 10 8 10 10 8 10 10
left_child=1 2 -1 5 -4 6 -3 8 -6 10 13 15 14 -10 -12 -9 17 -17 -19 -20 -21
right_child=-2 3 4 -5 7 -7 -8 11 9 -11 12 -13 -14 -15 -16 16 -18 18 19 20 -22
leaf_value=0.00070124498476985926 0.0017902749825764366 0.00022886691502245539 0.00077510167458762506 0.001341424945335599 0.00067390072006456446 -0.00020762349999850716 0.0012958174852659662 -8.3328818071562856e-05 0.00079663789173224718 0.00065431294748819608 -8.8932475559100178e-05 -0.0007753555470286236 -0.00063922720473647075 -3.5159946274412029e-06 0.00061079338404046045 1.0033666807241635e-05 -4.0828953427146013e-05 6.4609720597318663e-05 8.512096377491381e-05 0.0012985196454448991 0.00044491905221040641
leaf_weight=63 36 50 35 36 67 45 35 4073 58 66 350 42 55 55 36 265 777 103 38 39 42
leaf_count=63 36 50 35 36 67 45 35 4073 58 66 350 42 55 55 36 265 777 103 38 39 42
internal_value=-4.01622e-08 -1.0222e-05 -2.60303e-05 0.000576778 -3.35403e-05 0.00036503 0.0006682 -3.8206e-05 0.000131081 7.24209e-05 3.09803e-06 -5.98271e-05 -0.000100443 0.000407182 -2.36731e-05 -5.41962e-05 3.96781e-05 0.000168126 0.000356839 0.000609777 0.000855912
internal_weight=6366 6330 6164 166 6101 130 85 6066 687 620 554 5379 441 113 386 5337 1264 487 222 119 81
internal_count=6366 6330 6164 166 6101 130 85 6066 687 620 554 5379 441 113 386 5337 1264 487 222 119 81
is_linear=0
shrinkage=0.0885445


Tree=18
num_leaves=22
num_cat=0
split_feature=13 56 20 32 86 38 4 3 7 78 85 51 49 46 12 0 29 73 67 10 43
split_gain=0.0136828 0.00548245 0.00492109 0.00581812 0.00400042 0.00388275 0.00323294 0.00240887 0.00368334 0.00288931 0.00231331 0.00411028 0.00344956 0.00247619 0.00262165 0.00221964 0.00248007 0.00171821 0.00167211 0.00160436 0.00205105
threshold=19.269630981098889 46.375000000000007 0.057920397661039701 0.024755959641405752 -0.015474974938993842 42.106402178154262 0.051328450690735307 -0.058009953528800139 0.043283377577798703 38.872121042510528 5.5000000000000009 -45.612667406997836 0.0058298883376959503 -0.0068876601273420495 48.480999755859393 78.395000457763686 936.75000000000011 -0.037462627210127449 0.4606579568875323 1.9608393533343587 1225.2500000000002
decision_type=10 10 10 10 10 10 10 10 10 10 2 10 10 10 10 2 10 10 10 2 10
left_child=-1 15 3 4 -3 6 7 -6 9 -9 11 -11 13 -13 -15 19 17 -17 -18 20 -2
right_child=1 2 -4 -5 5 -7 -8 8 -10 10 -12 12 -14 14 -16 16 18 -19 -20 -21 -22
leaf_value=0.0016977497847413649 6.1180190176587091e-05 0.0010659159382467971 -0.00057693612784112972 0.0013708119689267049 0.00079519797176860415 -0.00065975281306738783 0.00090840073585950329 0.0008949396251122136 -0.00056796889532444335 0.001218043017446289 -2.5638805529794795e-05 -0.00064260984701829094 0.00083741618888910098 0.00077838279812771603 -0.00032119045182472928 0.000618575955714901 -0.00025396267703458447 7.804100320463149e-06 -5.6818999083768973e-05 9.0213595079532022e-05 -9.4890467270552134e-05
leaf_weight=37 1016 40 60 35 43 43 48 41 57 36 313 41 43 34 34 50 810 130 578 992 1885
leaf_count=37 1016 40 60 35 43 43 48 41 57 36 313 41 43 34 34 50 810 130 578 992 1885
internal_value=-3.66053e-08 -9.96204e-06 0.000196746 0.000254198 0.00020364 0.000156585 0.000207458 0.000155051 0.000109097 0.000180302 0.000121818 0.000367319 0.000165832 -9.91052e-05 0.000228596 -4.28173e-05 -0.000131765 0.000177463 -0.000171867 -6.99141e-06 -4.02308e-05
internal_weight=6366 6329 868 808 773 733 690 642 599 542 501 188 152 109 68 5461 1568 180 1388 3893 2901
internal_count=6366 6329 868 808 773 733 690 642 599 542 501 188 152 109 68 5461 1568 180 1388 3893 2901
is_linear=0
shrinkage=0.0885445


Tree=19
num_leaves=22
num_cat=0
split_feature=12 57 67 33 38 32 64 51 65 63 78 56 56 73 34 49 45 41 57 56 63
split_gain=0.0121536 0.00425494 0.00442162 0.00617696 0.00525792 0.00361247 0.0030688 0.00303466 0.00824556 0.00265326 0.00199513 0.00203171 0.00196046 0.00249464 0.00192688 0.00158196 0.00181724 0.00163955 0.00210238 0.00143699 0.00140392
threshold=19.708500099182135 46.125000000000007 0.97504900355760449 -0.0073389840267339993 44.553937179115586 0.02095586963305265 66.349226390496099 -41.350375952711424 2.0592934620618313 -0.0059155551622567986 38.972351233062618 76.645000457763686 68.24499893188478 0.111022819104878 0.00046088192313650003 0.0038895458210966003 0.011463821552729452 1194.6403768523867 50.444999694824226 21.755000114440922 0.033451492596933662
decision_type=8 10 8 10 10 10 10 10 10 10 10 10 10 10 10 10 10 10 10 8 10
left_child=-1 19 4 -4 5 6 7 8 -3 -5 14 12 13 15 -9 17 -17 18 -12 -2 -19
right_child=1 2 3 9 -6 -7 -8 10 -10 -11 11 -13 -14 -15 -16 16 -18 20 -20 -21 -22
leaf_value=0.001348097081634844 -0.00023561138903414189 7.4400309018947359e-05 0.0016522285909562689 0.00085482671208612373 -0.00081339180104105814 0.00094040489766713522 -0.00072235962569846374 6.9364804685177861e-05 0.001703222671120152 -6.8974993038080118e-05 -0.00010580725290895727 -0.00062927012516409114 0.00065385069165312039 0.00071919725280555674 0.00089202360969835163 1.5641633707030849e-05 0.00071074392510907648 -0.00017750161310647232 -0.00084345449614435389 -3.3123880920388218e-05 0.00034392170503003627
leaf_weight=52 291 86 34 39 49 41 35 49 34 65 69 38 38 35 41 163 36 129 54 4929 59
leaf_count=52 291 86 34 39 49 41 35 49 34 65 69 38 38 35 41 163 36 129 54 4929 59
internal_value=-3.33642e-08 -1.11361e-05 0.000147639 0.000616164 8.00067e-05 0.000128272 8.98222e-05 0.00012403 0.0005359 0.000277451 5.45156e-05 -1.95045e-06 3.89383e-05 -3.93631e-06 0.000444132 -5.35631e-05 0.000141389 -0.000178307 -0.000429652 -4.4412e-05 -1.38634e-05
internal_weight=6366 6314 1094 138 956 907 866 831 120 104 711 621 583 545 90 510 199 311 123 5220 188
internal_count=6366 6314 1094 138 956 907 866 831 120 104 711 621 583 545 90 510 199 311 123 5220 188
is_linear=0
shrinkage=0.0885445


Tree=20
num_leaves=22
num_cat=0
split_feature=65 4 5 3 56 47 11 9 0 52 35 10 85 73 80 33 36 19 35 32 59
split_gain=0.011118 0.00525889 0.00378397 0.00237185 0.00255395 0.00223917 0.00181906 0.00243086 0.00220716 0.00245189 0.00238742 0.0021072 0.00196566 0.00174745 0.00351518 0.00168799 0.00215227 0.00226861 0.0016724 0.00173457 0.00276131
threshold=7.83476094387379 0.070965081689832815 0.06131087424043246 -0.017677363193281944 76.645000457763686 0.020998455012096805 0.60526366276912025 1.8502091948271053 46.245000839233406 11.728975618530832 0.00039953246200105007 1.1502441721058798 5.5000000000000009 0.088721064551556553 2.5641488932579355 -0.00054492947934219993 54.758117384353561 -0.0034349578983328996 0.017667272418787901 -0.010688104110214649 0.017328469715213804
decision_type=10 10 10 8 10 8 8 8 2 10 10 2 2 8 8 10 10 10 10 10 8
left_child=1 2 3 5 6 18 7 8 9 -5 15 -12 -13 -8 -15 -11 17 -17 19 20 -1
right_child=-2 -3 -4 4 -6 -7 13 -9 -10 10 11 12 -14 14 -16 16 -18 -19 -20 -21 -22
leaf_value=0.0010614983918556527 0.0015516145493125579 0.00097864805315028055 0.0006728648599226921 0.00071898285527643773 -0.00080152605674027404 0.00073723257126174591 -0.00011111337268635711 0.00075639614431985251 -4.4140535929637204e-05 -0.00031547104408756249 5.0637302109810567e-05 0.0010226692393673627 0.00026628593867499337 -2.6188616036405346e-05 0.00099009141249027373 -8.059641495635717e-05 -0.00035364226191168514 0.0008519738917511663 -0.00044599235730685038 5.3495542817589213e-05 0.0001220743168290473
leaf_weight=36 36 42 62 55 35 41 2503 34 1838 130 126 46 65 124 34 39 45 43 47 908 77
leaf_count=36 36 42 62 55 35 41 2503 34 1838 130 126 46 65 124 34 39 45 43 47 908 77
internal_value=-3.04098e-08 -8.85493e-06 -1.54508e-05 -2.23053e-05 -4.77477e-05 9.50879e-05 -4.25564e-05 1.2982e-05 2.39292e-06 0.000158183 9.57452e-05 0.000298446 0.000579742 -9.30857e-05 0.000192505 -9.1181e-05 0.000138407 0.000408434 7.04363e-05 9.42092e-05 0.00042136
internal_weight=6366 6330 6288 6226 5117 1109 5082 2421 2387 549 494 237 111 2661 158 257 127 82 1068 1021 113
internal_count=6366 6330 6288 6226 5117 1109 5082 2421 2387 549 494 237 111 2661 158 257 127 82 1068 1021 113
is_linear=0
shrinkage=0.0885445


Tree=21
num_leaves=22
num_cat=0
split_feature=68 47 45 69 49 8 4 59 54 60 4 59 3 11 3 25 46 77 72 8 49
split_gain=0.0100143 0.00362988 0.00275771 0.00411885 0.00476654 0.00241927 0.00191837 0.00232118 0.0026152 0.00167142 0.00296194 0.0015129 0.00143848 0.00138867 0.00157961 0.00190745 0.00182049 0.00170716 0.00149744 0.00166145 0.00200028
threshold=126.98575000762942 -0.037680659603139592 0.035771404560112005 72.481700584675352 -0.0065105044974420488 22.74069095775997 0.045528083487091413 -0.024296411910664294 1922.1812500000003 0.12732565103205262 -0.056559094877092549 0.068418677236715908 -0.050431831104859541 0.58602746727924071 -0.017405742166400496 0.75594796270293363 -0.00012831638566249996 0.16684434451438243 16.384999275207523 35.854034002613695 0.010757483127868152
decision_type=10 8 10 10 10 8 10 8 10 10 8 10 10 10 10 10 10 8 10 8 10
left_child=1 -1 3 5 -5 -3 9 -8 -9 10 -7 12 -12 18 15 16 -15 -16 -14 20 -20
right_child=-2 2 -4 4 -6 6 7 8 -10 -11 11 -13 13 14 17 -17 -18 -19 19 -21 -22
leaf_value=0.0007509756159324399 0.0015155170953689637 0.00062911413535242649 -0.000746941984759104 0.0014157311133515902 5.1258735880745462e-05 0.00070720622741324952 -0.00032297850758577086 0.00019046307737858825 0.0011214271782905264 -0.0004602172235472898 -0.00049569309055682838 0.00016131185770055804 -5.6417255561754137e-05 0.00037746204207119517 -0.00010823637554564659 0.00065986711291480442 -0.00030544412262106693 0.00043034936670473484 -0.00026008176495557193 0.00011901894968718952 0.00040741000998003923
leaf_weight=49 34 45 40 34 49 43 35 69 36 70 54 306 1399 55 2525 47 69 47 194 1123 43
leaf_count=49 34 45 40 34 49 43 35 69 36 70 54 306 1399 55 2525 47 69 47 194 1123 43
internal_value=-2.77165e-08 -8.16551e-06 -1.40859e-05 -9.39038e-06 0.000610199 -1.77387e-05 -2.24989e-05 0.000301493 0.000509651 -3.00904e-05 -2.49915e-05 -3.03624e-05 -4.0919e-05 -3.64556e-05 -8.10689e-05 0.000179524 -2.54216e-06 -9.83944e-05 7.89899e-06 7.40596e-05 -0.000138976
internal_weight=6366 6332 6283 6243 83 6160 6115 140 105 5975 5905 5862 5556 5502 2743 171 124 2572 2759 1360 237
internal_count=6366 6332 6283 6243 83 6160 6115 140 105 5975 5905 5862 5556 5502 2743 171 124 2572 2759 1360 237
is_linear=0
shrinkage=0.0885445


Tree=22
num_leaves=22
num_cat=0
split_feature=13 47 45 26 4 4 55 44 18 60 3 4 58 35 31 31 56 83 8 60 52
split_gain=0.00922592 0.0037363 0.00292125 0.00443782 0.00320021 0.00209493 0.00346827 0.00222867 0.00232287 0.0018052 0.00171457 0.00382631 0.00224489 0.00159874 0.00159236 0.00150875 0.00190199 0.00147233 0.00146464 0.00140512 0.00138297
threshold=19.269630981098889 -0.037680659603139592 -0.03840892907906069 1.7451749980449678 0.070965081689832815 -0.024679183837065199 884.04219754761402 2768.0000000000005 -0.063225397156289095 0.075430543673149913 1.0000000180025095e-35 0.048460999863760158 65.005001068115249 0.010590989670635603 -0.0082839177133726492 0.0031211946565043005 47.014999389648445 24.163008453496289 43.776133539347796 0.031154138623697803 12.312906801187234
decision_type=10 10 10 10 10 10 10 10 10 10 10 10 10 10 8 10 10 8 10 10 10
left_child=-1 -2 -3 -4 5 6 -5 8 -8 14 11 13 17 20 -10 16 18 -12 -9 -16 -7
right_child=1 2 3 4 -6 10 7 15 9 -11 12 -13 -14 -15 19 -17 -18 -19 -20 -21 -22
leaf_value=0.0013940934758129369 0.00068145150227745077 0.00072108503374935596 -0.00086794818528712397 0.0009278896944824828 0.00080774205946805349 0.00024554177774134702 0.00064491984440868272 0.0006578406773143354 0.00039408578849561523 -0.00047741767756869321 -0.00010600507732631458 0.00079843804686167746 -0.00079933937680781806 -0.00017593116405698923 -0.0002225863643842732 1.6322179418014548e-05 0.00108913389055034 5.9441339152600158e-05 -9.1478626007524796e-05 0.00021240797589983483 5.7252906300144844e-06
leaf_weight=37 61 42 48 40 37 208 37 43 65 76 2288 48 34 348 195 72 34 517 39 83 2014
leaf_count=37 61 42 48 40 37 208 37 43 65 76 2288 48 34 348 195 72 34 517 39 83 2014
internal_value=-2.5262e-08 -8.17543e-06 -1.48869e-05 -1.98517e-05 -1.32624e-05 -1.8209e-05 0.000127866 7.81749e-05 -2.7589e-05 -8.69753e-05 -3.65185e-05 1.51659e-05 -8.41796e-05 5.36724e-07 -4.6325e-07 0.000334709 0.000532328 -7.5511e-05 0.000301457 -9.27139e-05 2.81744e-05
internal_weight=6366 6329 6268 6226 6178 6141 684 644 456 419 5457 2618 2839 2570 343 188 116 2805 82 278 2222
internal_count=6366 6329 6268 6226 6178 6141 684 644 456 419 5457 2618 2839 2570 343 188 116 2805 82 278 2222
is_linear=0
shrinkage=0.0885445


Tree=23
num_leaves=22
num_cat=0
split_feature=68 3 11 5 72 80 86 13 9 49 49 46 77 66 40 64 1 5 38 56 18
split_gain=0.00806047 0.00299818 0.00416212 0.00228007 0.00457511 0.00216799 0.00201658 0.00142584 0.00145303 0.00159232 0.00185639 0.00287455 0.00172653 0.001705 0.00158717 0.00238496 0.00167427 0.00163275 0.00135207 0.00129698 0.00127286
threshold=126.98575000762942 -0.058009953528800139 -0.018997529715724697 0.055521698557080959 27.119999885559086 7.3932199512349959 0.030039883967550057 94.284131328737843 -1.0995801428949432 0.011896870318677302 -0.0094471721797120493 0.0073544865613331513 0.10884922921470595 4.23701674856538 1247.8950042724612 69.951266210701888 76.885002136230483 -0.019093918921634045 20.951275410335516 50.55999946594239 -0.022817032327350596
decision_type=10 8 10 10 10 10 10 8 10 8 10 10 10 8 10 8 2 8 10 10 10
left_child=1 2 -1 5 -5 6 7 8 9 10 11 12 -3 -11 15 19 20 -17 -18 -12 -16
right_child=-2 3 -4 4 -6 -7 -8 -9 -10 13 14 -13 -14 -15 16 17 18 -19 -20 -21 -22
leaf_value=0.00125312314531712 0.001359665305437054 0.00036951156779308717 4.537842264967139e-05 -0.00012093574213994896 0.0012335958855932965 -0.00065501295916617916 0.00066334309678930654 -0.00012443107339243993 -2.3556174116428523e-05 0.0007357086606493209 -0.00024919546405550557 0.00085028354360116556 -0.00040107661474214049 5.6374577021633883e-05 0.00077532422902317768 0.00058974857509164734 0.00011573999982572552 -8.0570702099253393e-05 -0.00048692846517714645 -0.0008399076925614653 0.00018568268615574258
leaf_weight=35 34 53 62 46 34 42 34 884 4341 60 125 54 40 56 37 40 77 99 47 38 128
leaf_count=35 34 53 62 46 34 42 34 884 4341 60 125 54 40 56 37 40 77 99 47 38 128
internal_value=-2.30245e-08 -7.32394e-06 0.000481163 -1.49235e-05 0.00045474 -2.1028e-05 -1.66721e-05 -2.04755e-05 -2.78599e-06 0.000102792 5.48572e-05 0.000336438 3.80757e-05 0.000407754 -1.51806e-05 -0.000157127 0.000133151 0.000112327 -0.000112691 -0.000386908 0.000317905
internal_weight=6366 6332 97 6235 80 6155 6113 6079 5195 854 738 147 93 116 591 302 289 139 124 163 165
internal_count=6366 6332 97 6235 80 6155 6113 6079 5195 854 738 147 93 116 591 302 289 139 124 163 165
is_linear=0
shrinkage=0.0885445


Tree=24
num_leaves=22
num_cat=0
split_feature=3 64 26 68 60 77 46 4 58 80 84 5 31 70 25 85 4 73 3 6 12
split_gain=0.00743078 0.00948614 0.0034882 0.00544753 0.00788941 0.0103438 0.00193372 0.00188991 0.00137943 0.00158563 0.00144049 0.00255939 0.001877 0.0030313 0.00270528 0.00252879 0.00229761 0.00192095 0.00187595 0.00164523 0.00174852
threshold=0.059504816596061903 51.446240946021881 1.7086500108242035 70.791500282287615 -0.026159080906787646 -0.0083108400172759982 -0.032943526368017041 -0.056559094877092549 37.194999694824226 1.4784305725881037 2.5000000000000004 0.023966423347339054 0.0018068219975362501 23.414999961853031 0.91085835788555969 2.5000000000000004 0.033211772404021352 0.041356699302334106 -0.0043093036896397997 0.022490107283624255 45.491500282287603
decision_type=8 10 10 10 10 10 10 10 10 10 2 10 10 10 10 2 10 10 10 10 10
left_child=2 -2 -1 6 -5 -6 -4 -8 -9 -10 11 12 14 -14 15 -11 19 -15 -13 20 -17
right_child=1 -3 3 4 5 -7 7 8 9 10 -12 18 13 17 -16 16 -18 -19 -20 -21 -22
leaf_value=-0.00078731407882232833 -9.3267204227819009e-05 0.0018858885483292098 -0.00052983677559084112 -0.00053295791076116681 0.00010370122907206404 0.0020584574287969607 0.00049575939804054445 -4.0779304894068519e-05 0.00044884991581657202 0.00094586266869308854 -7.4134748838353433e-05 0.00013013506538897185 -0.00024061125647563064 0.00012885604767111261 0.0010288871565978075 0.00091526226981150898 -0.0005349357021447764 0.00085651267718421661 -0.00053530037370331021 -0.00016552141527978819 0.00023896398869382386
leaf_weight=45 39 37 57 35 44 41 57 4528 77 35 559 59 169 123 37 36 34 37 76 62 179
leaf_count=45 39 37 57 35 44 41 57 4528 77 35 559 59 169 123 37 36 34 37 76 62 179
internal_value=-2.09857e-08 0.000870269 -1.05364e-05 -4.93914e-06 0.000585884 0.00104658 -1.65144e-05 -1.16925e-05 -1.65045e-05 5.7613e-05 3.61868e-05 0.000108996 0.000176018 2.09026e-05 0.000309263 0.000232309 0.000152006 0.000297127 -0.00024448 0.000236324 0.000352205
internal_weight=6366 76 6290 6245 120 85 6125 6068 6011 1483 1406 847 712 329 383 346 311 160 135 277 215
internal_count=6366 76 6290 6245 120 85 6125 6068 6011 1483 1406 847 712 329 383 346 311 160 135 277 215
is_linear=0
shrinkage=0.0885445


Tree=25
num_leaves=22
num_cat=0
split_feature=12 34 9 18 26 80 3 2 49 45 3 4 79 58 21 66 52 9 80 67 7
split_gain=0.00716678 0.00364378 0.00369109 0.00942757 0.00258047 0.00239022 0.00418998 0.0021043 0.00790107 0.00188602 0.00139068 0.00189019 0.00139623 0.00147962 0.00156381 0.00234601 0.00196724 0.00200134 0.00193805 0.00151391 0.00137786
threshold=19.708500099182135 0.03645143854716721 -5.4612684691684157 -0.0098168824573465988 1.7451749980449678 3.1947431279862881 -0.044899707145318095 39.590000152587898 -0.0068522272217110486 0.025347367036251855 0.0022025882268535504 0.048460999863760158 1.2307166645847334 32.385000228881843 0.0152744453007138 1.6067680508884796 24.723767546485444 0.26118964069222278 2.424601388196264 0.4924457160568792 0.023963261719575604
decision_type=8 8 10 10 8 8 10 2 10 8 10 10 10 10 10 10 10 10 10 10 10
left_child=-1 2 3 -2 -4 10 -7 8 -8 -9 11 12 13 -6 15 -15 17 -16 -17 -20 -12
right_child=1 -3 4 -5 5 6 7 9 -10 -11 20 -13 -14 14 16 18 -18 -19 19 -21 -22
leaf_value=0.0010352207933193552 0.0017172368366317207 -0.00087298557466144696 -0.00072919087751012913 -0.00019383293889890733 -2.6874283462456555e-05 0.00097017109476051923 0.0014076400116136635 6.4693401744184495e-05 -0.0001871288408059373 -0.00061009148864593469 -9.4235292875423046e-05 0.00062903614399012616 -0.00024916433113527172 0.00058085076806092676 0.00095840163813767898 -8.8171735232538215e-05 0.00010067705070162466 0.00021537836198381164 4.2083792738414026e-05 0.00065862387246493038 0.00011597954514151496
leaf_weight=52 34 38 39 50 1710 46 41 450 60 35 2338 39 156 57 54 518 187 60 76 53 273
leaf_count=52 34 38 39 50 1710 46 41 450 60 35 2338 39 156 57 54 518 187 60 76 53 273
internal_value=-1.9127e-08 -8.54502e-06 -3.31099e-06 0.000579695 -1.122e-05 -6.66923e-06 0.000156443 9.25671e-05 0.000460253 1.59976e-05 -2.53411e-05 1.67532e-05 8.43585e-06 2.32372e-05 0.000108501 3.62798e-05 0.000277419 0.000567337 -1.16963e-05 0.000295391 -7.22557e-05
internal_weight=6366 6314 6276 84 6192 6153 632 586 101 485 5521 2910 2871 2715 1005 704 301 114 647 129 2611
internal_count=6366 6314 6276 84 6192 6153 632 586 101 485 5521 2910 2871 2715 1005 704 301 114 647 129 2611
is_linear=0
shrinkage=0.0885445


Tree=26
num_leaves=22
num_cat=0
split_feature=13 47 45 71 46 26 4 39 8 46 4 49 31 7 81 45 58 2 69 12 18
split_gain=0.00672848 0.00258138 0.00280669 0.00421891 0.00784498 0.00234001 0.00160899 0.00257981 0.00234568 0.00131061 0.00149785 0.00306468 0.00202135 0.00182699 0.00168002 0.00137683 0.00124834 0.00111705 0.00142845 0.00169429 0.00198327
threshold=19.269630981098889 -0.037680659603139592 0.035771404560112005 48.430000305175788 -0.014555334564368047 1.7451749980449678 0.045528083487091413 0.78820175027996608 54.472053139612733 -0.032943526368017041 -0.024679183837065199 0.013266167079726351 -0.013440639086023448 -0.020438201891580795 0.64461317644946525 0.0088325966236825013 49.654998779296882 95.154998779296889 46.419950684153768 89.580000114440921 0.019189716761567752
decision_type=10 10 10 8 10 10 10 10 10 10 10 10 8 10 10 10 8 2 10 10 10
left_child=-1 -2 3 5 -5 -3 9 8 -8 -7 11 12 -11 14 -14 -15 -13 18 -12 20 -20
right_child=1 2 -4 4 -6 6 7 -9 -10 10 17 16 13 15 -16 -17 -18 -19 19 -21 -22
leaf_value=0.0011905481286834971 0.0005662397263462419 -0.00067412133992478208 -0.00074275595245772315 0.0016386895920238286 -0.00024977352039576447 -0.00051698640168781939 0.00036279066888223003 0.00075816675298344101 -0.00054182452552966177 0.000609090973410189 -2.9449976898521724e-05 0.00029623998772693053 0.0006333636389854498 -1.8832261426961817e-05 -9.6797235925644731e-05 -0.00047402018596578825 0.0010549978702864818 -0.00013662221816772329 -4.4869645500092824e-05 0.00070947461835893023 0.00042285262368382527
leaf_weight=37 61 42 41 34 35 41 55 55 38 46 4231 34 60 357 42 61 34 673 252 38 99
leaf_count=37 61 42 41 34 35 41 55 55 38 46 4231 34 60 357 42 61 34 673 252 38 99
internal_value=-1.7433e-08 -6.97761e-06 -1.25561e-05 -7.74834e-06 0.000680773 -1.54632e-05 -1.094e-05 0.000277455 -6.837e-06 -1.80919e-05 -1.46408e-05 0.000113972 4.6495e-05 -3.27311e-06 0.000332709 -8.52592e-05 0.000675619 -3.00462e-05 -1.45211e-05 0.000147854 8.7052e-05
internal_weight=6366 6329 6268 6227 69 6158 6116 148 93 5968 5927 634 566 520 102 418 68 5293 4620 389 351
internal_count=6366 6329 6268 6227 69 6158 6116 148 93 5968 5927 634 566 520 102 418 68 5293 4620 389 351
is_linear=0
shrinkage=0.0885445


Tree=27
num_leaves=22
num_cat=0
split_feature=13 31 34 6 82 57 69 46 58 5 2 83 86 78 67 64 30 17 67 59 34
split_gain=0.00558969 0.0023588 0.00363366 0.00270609 0.00246014 0.00209151 0.00201131 0.00156154 0.00136534 0.00153263 0.00213352 0.00127058 0.0012176 0.00147729 0.00178309 0.0026232 0.00242522 0.00235666 0.00225331 0.00214033 0.00165159
threshold=19.269630981098889 -0.028983531263675946 0.0034439840398151006 -0.074120960333167327 58.248750162124644 84.595001220703139 72.481700584675352 -0.032943526368017041 37.194999694824226 -0.046335342634003747 58.004999160766609 37.601033427603674 0.016561585036172739 59.15875692367225 0.6124085328475245 55.706117262488085 1092.549987792969 -1.0000000180025095e-35 0.55542701663493932 0.024875486870969101 0.0035666819388160006
decision_type=10 8 10 10 8 10 10 8 10 10 2 10 10 10 10 10 10 10 10 10 10
left_child=-1 2 -2 -3 5 6 7 -5 -9 10 -10 12 13 14 18 20 -17 19 -11 -18 -16
right_child=1 3 -4 4 -6 -7 -8 8 9 11 -12 -13 -14 -15 15 16 17 -19 -20 -21 -22
leaf_value=0.0010851316591443607 0.0010516632727257816 -0.00069655816935646441 -0.00015862337021518247 -0.00051030245034070301 0.00063769286893167936 -0.00069478225983565214 0.00061746395500433847 -3.3051950789344018e-05 0.00085803483732232674 5.2057318525570401e-05 -1.898484143103625e-05 -0.00043796336169165306 0.00057969619140078009 -0.00020186469948708311 0.00033890761727969361 -0.00038520488027682208 0.00015863957502058938 -6.9858127666239865e-05 -0.00043502300912653968 0.000943039996990824 0.0010361875326179335
leaf_weight=37 41 45 37 49 46 35 40 4498 44 724 43 42 34 169 76 66 60 106 83 50 41
leaf_count=37 41 45 37 49 46 35 40 4498 44 724 43 42 34 169 76 66 60 106 83 50 41
internal_value=-1.5889e-08 -6.35978e-06 0.000477553 -1.2398e-05 -7.43716e-06 -1.22547e-05 -8.35453e-06 -1.24684e-05 -8.42698e-06 6.35906e-05 0.000424565 4.19471e-05 5.62524e-05 4.33091e-05 7.7666e-05 0.000230783 8.45457e-05 0.000228081 1.96107e-06 0.000515185 0.000583254
internal_weight=6366 6329 78 6251 6206 6160 6125 6085 6036 1538 87 1451 1409 1375 1206 399 282 216 807 110 117
internal_count=6366 6329 78 6251 6206 6160 6125 6085 6036 1538 87 1451 1409 1375 1206 399 282 216 807 110 117
is_linear=0
shrinkage=0.0885445


Tree=28
num_leaves=22
num_cat=0
split_feature=68 34 3 23 80 47 69 49 75 62 49 16 35 66 75 79 53 0 83 86 8
split_gain=0.00523936 0.0026147 0.00224509 0.00337891 0.00199366 0.00261304 0.00190855 0.00102398 0.00183119 0.0015993 0.00145672 0.00175666 0.00177224 0.00143657 0.00119349 0.00121265 0.00106232 0.00100988 0.00210616 0.00182555 0.00165861
threshold=126.98575000762942 0.03645143854716721 -0.058009953528800139 -0.040480025307694588 7.3932199512349959 -0.037680659603139592 72.481700584675352 0.011735657446673551 0.077462865508978254 0.059976033680090156 0.016089841666330752 2.6705000400543217 0.0079028700249074522 4.7453729209313797 0.015893660134286253 -0.29517495964393875 0.44725421835836321 46.475000381469734 14.936220805639623 0.018645522525308472 35.564830528524688
decision_type=10 8 10 8 10 10 10 10 10 10 10 10 10 10 10 10 10 2 10 10 10
left_child=1 2 3 -1 5 -4 7 17 9 10 11 -9 14 16 15 -13 -12 18 20 -19 -7
right_child=-2 -3 4 -5 -6 6 -8 8 -10 -11 13 12 -14 -15 -16 -17 -18 19 -20 -21 -22
leaf_value=0.00087598175899272074 0.0010962068442227416 -0.00074806295447669676 0.00068388873794866659 -0.00019356660123685503 -0.0006160607812928043 -0.00014606741243211211 0.00051529746398788811 -0.00023753431399581475 0.00053264916875259464 0.00062006511801747377 -0.00056770267579883801 0.00059544803116885032 -0.00028000662144682181 0.0003682977975974015 0.00083501811605865952 -5.2368439061001382e-06 -0.00011925077319691785 -5.2018804031982929e-05 6.5210665332155336e-07 0.0005346680833866643 0.00051370065517890643
leaf_weight=55 34 37 43 40 42 40 54 66 67 35 56 49 34 36 41 57 159 4176 1085 42 118
leaf_count=55 34 37 43 40 42 40 54 66 67 35 56 49 34 36 41 57 159 4176 1085 42 118
internal_value=-1.44828e-08 -5.9007e-06 -1.53851e-06 0.000425646 -8.08407e-06 -3.93743e-06 -8.77414e-06 -1.34433e-05 9.6355e-05 4.15112e-05 8.49783e-07 0.000153509 0.000296099 -0.000149377 0.000429348 0.000272438 -0.000236057 -2.55069e-05 4.46352e-05 -4.6177e-05 0.000346671
internal_weight=6366 6332 6295 95 6200 6158 6115 6061 600 533 498 247 181 251 147 106 215 5461 1243 4218 158
internal_count=6366 6332 6295 95 6200 6158 6115 6061 600 533 498 247 181 251 147 106 215 5461 1243 4218 158
is_linear=0
shrinkage=0.0885445


Tree=29
num_leaves=22
num_cat=0
split_feature=65 4 80 5 56 20 73 60 9 35 56 78 31 73 50 82 75 31 1 6 48
split_gain=0.0050405 0.0022824 0.00170799 0.00198758 0.00122562 0.00118103 0.00193478 0.00202107 0.0015485 0.0021826 0.00154658 0.0015466 0.0014863 0.0014787 0.00213631 0.00351181 0.00145952 0.00135194 0.00125815 0.00124127 0.0015335
threshold=7.83476094387379 0.070965081689832815 7.3932199512349959 0.06131087424043246 76.645000457763686 -0.018033086837552746 -0.052511193743831043 0.025729075629629752 0.14493208341630034 -0.00043237125446964997 53.159999847412116 36.562104974603876 0.017981077149171906 0.088721064551556553 41.779790065713925 22.021000003814702 0.019440906157256955 0.014707714214952252 60.854999542236335 -0.017307915647980499 -0.0092618502549868999
decision_type=10 10 10 10 10 8 8 10 10 10 10 10 10 8 8 8 10 8 2 10 8
left_child=1 2 3 4 5 6 7 8 9 -1 11 -8 17 18 -15 -16 -11 19 -7 20 -13
right_child=-2 -3 -4 -5 -6 13 10 -9 -10 16 -12 12 -14 14 15 -17 -18 -19 -20 -21 -22
leaf_value=0.00014923683841161202 0.0010447446016054773 0.0006446045889265628 -0.00054786514263691674 0.00050958222258841023 -0.00052631260203560228 9.3360356307983759e-06 -0.00055898065492449803 -0.00013950170886873933 0.00013540693691772905 0.00052377607197574079 0.00044637326724931487 0.00027995291191710843 -0.00050440736334943963 -0.00011969746550374859 0.00014095809066176052 0.0010472746939414357 0.0013105298473993436 0.00057577224838303691 -8.9221098065587624e-05 5.9934356359522063e-05 -0.00025312599754022386
leaf_weight=50 36 42 46 58 36 1790 39 75 102 38 61 52 43 144 166 42 36 34 2347 902 227
leaf_count=50 36 42 46 58 36 1790 39 75 102 38 61 52 43 144 166 42 36 34 2347 902 227
internal_value=-1.32003e-08 -5.95495e-06 -1.03003e-05 -6.33874e-06 -1.11776e-05 -8.16118e-06 5.56765e-05 0.000258782 0.000390955 0.000601165 1.06583e-05 -9.83405e-06 7.19037e-06 -3.17537e-05 0.000142466 0.000323964 0.000906521 2.52963e-05 -4.65773e-05 9.44855e-06 -0.000153771
internal_weight=6366 6330 6288 6242 6184 6148 1659 301 226 124 1358 1297 1258 4489 352 208 74 1215 4137 1181 279
internal_count=6366 6330 6288 6242 6184 6148 1659 301 226 124 1358 1297 1258 4489 352 208 74 1215 4137 1181 279
is_linear=0
shrinkage=0.0885445


Tree=30
num_leaves=22
num_cat=0
split_feature=0 33 66 47 3 34 86 49 69 82 4 60 26 3 23 62 36 21 82 51 79
split_gain=0.0046142 0.0134595 0.00355723 0.00143328 0.00139723 0.00248431 0.00117254 0.00106254 0.00119353 0.00162594 0.00116432 0.00170928 0.00186861 0.000912188 0.00171919 0.00152475 0.00152726 0.00142293 0.00238605 0.00126359 0.00120887
threshold=20.885000228881839 -0.0010920756950531998 28.836338064443893 -0.037680659603139592 -0.058009953528800139 -0.0016737917195882499 0.025070212877672682 -0.049392696062699644 72.481700584675352 38.461749935150159 0.045528083487091413 -0.012522336030266897 4.7380499720573432 0.0022025882268535504 0.19935069920334933 0.011101585685393251 66.718373705043703 -0.040990179126467144 25.784250068664551 -53.191015412452536 1.2687592931874525
decision_type=2 10 10 8 8 10 10 10 10 10 10 8 10 10 10 10 8 10 10 10 10
left_child=1 -1 3 -2 5 -5 7 -6 9 10 13 -12 -13 14 19 16 -16 18 -15 -9 -21
right_child=2 -3 -4 4 6 -7 -8 8 -10 -11 11 12 -14 17 15 -17 -18 -19 -20 20 -22
leaf_value=0.001999994784437781 0.00050022426561692653 -0.00034562069882219563 -0.0008860540330800947 -0.00025360609017977394 -0.00050903508897255027 0.00070919892299256613 0.00042391843593084938 0.00043867105068715712 0.00039421838006423881 -0.00059381344434083117 -0.00024305133245427151 0.00092273497474341471 4.9693206339780657e-05 1.9801018794797152e-05 1.2461619780860917e-05 0.00061880155062764665 0.00057803651119740784 -7.4999178053197123e-05 0.00072882742779060408 1.4835934485677565e-06 -0.00022854223658517022
leaf_weight=34 44 44 36 34 34 55 48 49 56 38 35 40 37 215 201 59 46 2532 45 2491 193
leaf_count=34 44 44 36 34 34 55 48 49 56 38 35 40 37 215 201 59 46 2532 45 2491 193
internal_value=-1.20311e-08 0.000676827 -8.40794e-06 -3.35431e-06 -6.92349e-06 0.000341386 -1.19896e-05 -1.54361e-05 -1.26562e-05 -1.64657e-05 -1.27741e-05 0.000270011 0.000503221 -1.82058e-05 1.53622e-05 0.000214391 0.000117791 -5.47434e-05 0.000142517 -6.92211e-06 -1.5057e-05
internal_weight=6366 78 6288 6252 6208 89 6119 6071 6037 5981 5943 112 77 5831 3039 306 247 2792 260 2733 2684
internal_count=6366 78 6288 6252 6208 89 6119 6071 6037 5981 5943 112 77 5831 3039 306 247 2792 260 2733 2684
is_linear=0
shrinkage=0.0885445


end of trees

feature_importances:
OVX_close=43
CLF_return_lag_1=32
CLF_log_return=26
OVX_low=24
CLF_ema_12=18
OVX_return_lag_1=18
OVX_bollinger_pband=16
ESF_return_lag_5=15
VIX_log_return=14
CLF_macd=13
ESF_return_lag_1=12
VIX_atr=12
CLF_overnight_gap=12
CLF_return_lag_2=11
CLF_sma_20=11
CLF_close=10
CLF_high=10
GCF_log_return=10
GCF_return_lag_1=10
ESF_return_lag_2=10
ESF_macd=10
NGF_return_lag_3=9
ESF_log_return=9
OVX_atr=9
OVX_sma_20=9
VIX_return_lag_5=9
CLF_return_lag_5=8
CLF_bollinger_pband=8
NGF_return_lag_2=8
NGF_bollinger_pband=8
GCF_return_lag_5=8
OVX_high=8
VIX_ema_12=8
CLF_rsi=7
GCF_return_lag_3=7
ESF_atr=7
OVX_log_return=7
OVX_rsi=7
OVX_macd=7
VIX_return_lag_2=7
VIX_sma_20=7
month=7
CLF_low=6
CLF_return_lag_3=6
NGF_return_lag_5=6
NGF_sma_20=6
VIX_high=6
VIX_return_lag_3=6
VIX_rsi=6
VIX_macd=6
NGF_return_lag_1=5
GCF_atr=5
ESF_rsi=5
OVX_return_lag_3=5
OVX_ema_12=5
CLF_atr=4
NGF_log_return=4
NGF_ema_12=4
GCF_return_lag_2=4
GCF_bollinger_pband=4
ESF_sma_20=4
OVX_return_lag_2=4
OVX_return_lag_5=4
GCF_rsi=3
ESF_close=3
ESF_low=3
ESF_bollinger_pband=3
VIX_low=3
VIX_return_lag_1=3
VIX_bollinger_pband=3
NGF_high=2
NGF_macd=2
GCF_high=2
GCF_macd=2
GCF_sma_20=2
ESF_return_lag_3=2
dayofweek=2
NGF_close=1
NGF_low=1
NGF_rsi=1
NGF_atr=1
GCF_close=1
GCF_low=1
GCF_ema_12=1
ESF_high=1
ESF_ema_12=1
VIX_close=1

parameters:
[boosting: gbdt]
[objective: regression]
[metric: rmse]
[tree_learner: serial]
[device_type: cpu]
[data_sample_strategy: bagging]
[data: ]
[valid: ]
[num_iterations: 31]
[learning_rate: 0.0885445]
[num_leaves: 22]
[num_threads: 0]
[seed: 42]
[deterministic: 0]
[force_col_wise: 0]
[force_row_wise: 0]
[histogram_pool_size: -1]
[max_depth: -1]
[min_data_in_leaf: 34]
[min_sum_hessian_in_leaf: 0.001]
[bagging_fraction: 0.999798]
[pos_bagging_fraction: 1]
[neg_bagging_fraction: 1]
[bagging_freq: 3]
[bagging_seed: 400]
[bagging_by_query: 0]
[feature_fraction: 0.978476]
[feature_fraction_bynode: 1]
[feature_fraction_seed: 30056]
[extra_trees: 0]
[extra_seed: 12879]
[early_stopping_round: 0]
[early_stopping_min_delta: 0]
[first_metric_only: 0]
[max_delta_step: 0]
[lambda_l1: 4.60305e-08]
[lambda_l2: 1.87268e-08]
[linear_lambda: 0]
[min_gain_to_split: 0]
[drop_rate: 0.1]
[max_drop: 50]
[skip_drop: 0.5]
[xgboost_dart_mode: 0]
[uniform_drop: 0]
[drop_seed: 17869]
[top_rate: 0.2]
[other_rate: 0.1]
[min_data_per_group: 100]
[max_cat_threshold: 32]
[cat_l2: 10]
[cat_smooth: 10]
[max_cat_to_onehot: 4]
[top_k: 20]
[monotone_constraints: ]
[monotone_constraints_method: basic]
[monotone_penalty: 0]
[feature_contri: ]
[forcedsplits_filename: ]
[refit_decay_rate: 0.9]
[cegb_tradeoff: 1]
[cegb_penalty_split: 0]
[cegb_penalty_feature_lazy: ]
[cegb_penalty_feature_coupled: ]
[path_smooth: 0]
[interaction_constraints: ]
[verbosity: -1]
[saved_feature_importance_type: 0]
[use_quantized_grad: 0]
[num_grad_quant_bins: 4]
[quant_train_renew_leaf: 0]
[stochastic_rounding: 1]
[linear_tree: 0]
[max_bin: 255]
[max_bin_by_feature: ]
[min_data_in_bin: 3]
[bin_construct_sample_cnt: 200000]
[data_random_seed: 175]
[is_enable_sparse: 1]
[enable_bundle: 1]
[use_missing: 1]
[zero_as_missing: 0]
[feature_pre_filter: 0]
[pre_partition: 0]
[two_round: 0]
[header: 0]
[label_column: ]
[weight_column: ]
[group_column: ]
[ignore_column: ]
[categorical_feature: ]
[forcedbins_filename: ]
[precise_float_parser: 0]
[parser_config_file: ]
[objective_seed: 16083]
[num_class: 1]
[is_unbalance: 0]
[scale_pos_weight: 1]
[sigmoid: 1]
[boost_from_average: 1]
[reg_sqrt: 0]
[alpha: 0.9]
[fair_c: 1]
[poisson_max_delta_step: 0.7]
[tweedie_variance_power: 1.5]
[lambdarank_truncation_level: 30]
[lambdarank_norm: 1]
[label_gain: ]
[lambdarank_position_bias_regularization: 0]
[eval_at: ]
[multi_error_top_k: 1]
[auc_mu_weights: ]
[num_machines: 1]
[local_listen_port: 12400]
[time_out: 120]
[machine_list_filename: ]
[machines: ]
[gpu_platform_id: -1]
[gpu_device_id: -1]
[gpu_use_dp: 0]
[num_gpu: 1]

end of parameters

pandas_categorical:[]
